3 1 1067 504 150 100 -1 -1 -1 0 
3 2 843 420 47 48 -1 -1 -1 0 
3 3 707 449 97 72 -1 -1 -1 0 
3 4 299 388 170 156 -1 -1 -1 0 
3 5 454 360 96 119 -1 -1 -1 0 
3 6 1621 453 48 55 -1 -1 -1 0 
4 1 1072 507 152 99 -1 -1 -1 0 
4 2 824 418 67 55 -1 -1 -1 0 
4 3 706 450 101 73 -1 -1 -1 0 
4 4 299 388 170 157 -1 -1 -1 0 
4 5 454 360 96 119 -1 -1 -1 0 
4 6 1629 455 45 56 -1 -1 -1 0 
4 7 443 360 105 120 -1 -1 -1 0 
5 1 1079 507 149 102 -1 -1 -1 0 
5 2 818 417 73 57 -1 -1 -1 0 
5 3 706 451 103 73 -1 -1 -1 0 
5 4 299 388 170 157 -1 -1 -1 0 
5 5 454 360 95 119 -1 -1 -1 0 
5 6 1634 457 45 55 -1 -1 -1 0 
5 7 442 361 107 119 -1 -1 -1 0 
6 1 1082 508 152 104 -1 -1 -1 0 
6 2 816 417 74 58 -1 -1 -1 0 
6 3 709 452 100 72 -1 -1 -1 0 
6 4 299 387 170 158 -1 -1 -1 0 
6 5 454 361 95 117 -1 -1 -1 0 
6 6 1643 460 47 54 -1 -1 -1 0 
6 7 443 361 105 119 -1 -1 -1 0 
7 1 1086 509 154 104 -1 -1 -1 0 
7 2 814 416 77 60 -1 -1 -1 0 
7 3 709 453 102 73 -1 -1 -1 0 
7 4 299 387 170 157 -1 -1 -1 0 
7 5 455 362 94 116 -1 -1 -1 0 
7 6 1650 463 46 53 -1 -1 -1 0 
7 7 444 362 105 118 -1 -1 -1 0 
8 1 1093 511 153 105 -1 -1 -1 0 
8 2 815 415 77 60 -1 -1 -1 0 
8 3 711 454 102 73 -1 -1 -1 0 
8 4 299 387 169 157 -1 -1 -1 0 
8 5 455 362 95 116 -1 -1 -1 0 
8 6 1659 469 45 48 -1 -1 -1 0 
8 7 444 362 105 118 -1 -1 -1 0 
9 1 1097 515 156 104 -1 -1 -1 0 
9 2 814 416 80 58 -1 -1 -1 0 
9 3 712 455 103 74 -1 -1 -1 0 
9 4 300 387 169 157 -1 -1 -1 0 
9 5 455 361 95 117 -1 -1 -1 0 
9 6 1666 472 44 46 -1 -1 -1 0 
9 7 444 362 105 118 -1 -1 -1 0 
10 1 1103 515 154 108 -1 -1 -1 0 
10 2 816 417 77 58 -1 -1 -1 0 
10 3 712 456 106 74 -1 -1 -1 0 
10 4 300 387 169 156 -1 -1 -1 0 
10 5 455 361 94 116 -1 -1 -1 0 
10 6 1671 467 46 54 -1 -1 -1 0 
10 7 443 362 106 117 -1 -1 -1 0 
11 1 1106 517 158 109 -1 -1 -1 0 
11 2 815 417 78 56 -1 -1 -1 0 
11 3 712 457 106 74 -1 -1 -1 0 
11 4 301 388 168 155 -1 -1 -1 0 
11 5 455 361 94 116 -1 -1 -1 0 
11 6 1676 466 47 56 -1 -1 -1 0 
11 7 443 363 106 116 -1 -1 -1 0 
12 1 1112 521 158 108 -1 -1 -1 0 
12 2 816 417 77 56 -1 -1 -1 0 
12 3 719 458 100 74 -1 -1 -1 0 
12 4 301 388 168 155 -1 -1 -1 0 
12 5 455 361 94 116 -1 -1 -1 0 
12 6 1686 471 44 53 -1 -1 -1 0 
12 7 443 363 106 116 -1 -1 -1 0 
13 1 1116 523 161 109 -1 -1 -1 0 
13 2 816 417 76 56 -1 -1 -1 0 
13 3 716 461 109 72 -1 -1 -1 0 
13 4 301 388 169 155 -1 -1 -1 0 
13 5 456 361 93 117 -1 -1 -1 0 
13 6 1691 474 48 53 -1 -1 -1 0 
13 7 445 363 104 116 -1 -1 -1 0 
14 1 1121 525 162 109 -1 -1 -1 0 
14 2 817 417 75 55 -1 -1 -1 0 
14 3 717 462 110 72 -1 -1 -1 0 
14 4 301 388 169 155 -1 -1 -1 0 
14 5 455 361 94 117 -1 -1 -1 0 
14 6 1699 478 47 51 -1 -1 -1 0 
14 7 443 363 106 116 -1 -1 -1 0 
