3 1 1067 504 150 100 -1 -1 -1 0 
3 2 843 420 47 48 -1 -1 -1 0 
3 3 707 449 97 72 -1 -1 -1 0 
3 4 299 388 170 156 -1 -1 -1 0 
3 5 454 360 96 119 -1 -1 -1 0 
3 6 67 347 26 24 -1 -1 -1 0 
3 7 1621 453 48 55 -1 -1 -1 0 
4 1 1072 507 152 99 -1 -1 -1 0 
4 2 824 418 67 55 -1 -1 -1 0 
4 3 706 450 101 73 -1 -1 -1 0 
4 4 299 388 170 157 -1 -1 -1 0 
4 5 454 360 96 119 -1 -1 -1 0 
4 6 68 348 24 23 -1 -1 -1 0 
4 7 1629 455 45 56 -1 -1 -1 0 
4 11 443 360 105 120 -1 -1 -1 0 
5 1 1079 507 149 102 -1 -1 -1 0 
5 2 818 417 73 57 -1 -1 -1 0 
5 3 706 451 103 73 -1 -1 -1 0 
5 4 299 388 170 157 -1 -1 -1 0 
5 5 454 360 95 119 -1 -1 -1 0 
5 6 67 348 26 23 -1 -1 -1 0 
5 7 1634 457 45 55 -1 -1 -1 0 
5 11 442 361 107 119 -1 -1 -1 0 
6 1 1082 508 152 104 -1 -1 -1 0 
6 2 816 417 74 58 -1 -1 -1 0 
6 3 709 452 100 72 -1 -1 -1 0 
6 4 299 387 170 158 -1 -1 -1 0 
6 5 454 361 95 117 -1 -1 -1 0 
6 6 68 348 25 23 -1 -1 -1 0 
6 7 1643 460 47 54 -1 -1 -1 0 
6 11 443 361 105 119 -1 -1 -1 0 
7 1 1086 509 154 104 -1 -1 -1 0 
7 2 814 416 77 60 -1 -1 -1 0 
7 3 709 453 102 73 -1 -1 -1 0 
7 4 299 387 170 157 -1 -1 -1 0 
7 5 455 362 94 116 -1 -1 -1 0 
7 6 68 348 25 23 -1 -1 -1 0 
7 7 1650 463 46 53 -1 -1 -1 0 
7 11 444 362 105 118 -1 -1 -1 0 
8 1 1093 511 153 105 -1 -1 -1 0 
8 2 815 415 77 60 -1 -1 -1 0 
8 3 711 454 102 73 -1 -1 -1 0 
8 4 299 387 169 157 -1 -1 -1 0 
8 5 455 362 95 116 -1 -1 -1 0 
8 6 68 348 24 23 -1 -1 -1 0 
8 7 1659 469 45 48 -1 -1 -1 0 
8 11 444 362 105 118 -1 -1 -1 0 
8 14 169 330 38 31 -1 -1 -1 0 
9 1 1097 515 156 104 -1 -1 -1 0 
9 2 814 416 80 58 -1 -1 -1 0 
9 3 712 455 103 74 -1 -1 -1 0 
9 4 300 387 169 157 -1 -1 -1 0 
9 5 455 361 95 117 -1 -1 -1 0 
9 6 68 348 24 23 -1 -1 -1 0 
9 7 1666 472 44 46 -1 -1 -1 0 
9 11 444 362 105 118 -1 -1 -1 0 
9 14 169 331 41 29 -1 -1 -1 0 
10 1 1103 515 154 108 -1 -1 -1 0 
10 2 816 417 77 58 -1 -1 -1 0 
10 3 712 456 106 74 -1 -1 -1 0 
10 4 300 387 169 156 -1 -1 -1 0 
10 5 455 361 94 116 -1 -1 -1 0 
10 6 68 348 24 23 -1 -1 -1 0 
10 7 1671 467 46 54 -1 -1 -1 0 
10 11 443 362 106 117 -1 -1 -1 0 
10 14 174 333 37 26 -1 -1 -1 0 
11 1 1106 517 158 109 -1 -1 -1 0 
11 2 815 417 78 56 -1 -1 -1 0 
11 3 712 457 106 74 -1 -1 -1 0 
11 4 301 388 168 155 -1 -1 -1 0 
11 5 455 361 94 116 -1 -1 -1 0 
11 6 68 348 24 23 -1 -1 -1 0 
11 7 1676 466 47 56 -1 -1 -1 0 
11 11 443 363 106 116 -1 -1 -1 0 
11 14 176 333 37 26 -1 -1 -1 0 
12 1 1112 521 158 108 -1 -1 -1 0 
12 2 816 417 77 56 -1 -1 -1 0 
12 3 719 458 100 74 -1 -1 -1 0 
12 4 301 388 168 155 -1 -1 -1 0 
12 5 455 361 94 116 -1 -1 -1 0 
12 6 68 348 24 23 -1 -1 -1 0 
12 7 1686 471 44 53 -1 -1 -1 0 
12 11 443 363 106 116 -1 -1 -1 0 
12 14 175 335 40 23 -1 -1 -1 0 
12 18 261 298 25 29 -1 -1 -1 0 
13 1 1116 523 161 109 -1 -1 -1 0 
13 2 816 417 76 56 -1 -1 -1 0 
13 3 716 461 109 72 -1 -1 -1 0 
13 4 301 388 169 155 -1 -1 -1 0 
13 5 456 361 93 117 -1 -1 -1 0 
13 6 68 348 24 23 -1 -1 -1 0 
13 7 1691 474 48 53 -1 -1 -1 0 
13 11 445 363 104 116 -1 -1 -1 0 
13 14 179 336 36 23 -1 -1 -1 0 
13 18 261 296 25 31 -1 -1 -1 0 
14 1 1121 525 162 109 -1 -1 -1 0 
14 2 817 417 75 55 -1 -1 -1 0 
14 3 717 462 110 72 -1 -1 -1 0 
14 4 301 388 169 155 -1 -1 -1 0 
14 5 455 361 94 117 -1 -1 -1 0 
14 6 68 348 24 23 -1 -1 -1 0 
14 7 1699 478 47 51 -1 -1 -1 0 
14 11 443 363 106 116 -1 -1 -1 0 
14 14 181 337 36 22 -1 -1 -1 0 
14 18 260 295 27 31 -1 -1 -1 0 
15 1 1125 529 166 107 -1 -1 -1 0 
15 2 817 417 76 54 -1 -1 -1 0 
15 3 720 462 108 74 -1 -1 -1 0 
15 4 302 388 167 155 -1 -1 -1 0 
15 5 454 361 95 117 -1 -1 -1 0 
15 6 68 348 24 23 -1 -1 -1 0 
15 7 1707 479 46 52 -1 -1 -1 0 
15 11 443 363 106 116 -1 -1 -1 0 
15 14 183 336 35 22 -1 -1 -1 0 
15 18 260 295 27 31 -1 -1 -1 0 
15 19 1 512 44 77 -1 -1 -1 0 
16 1 1132 531 165 107 -1 -1 -1 0 
16 2 818 416 75 55 -1 -1 -1 0 
16 3 723 463 106 75 -1 -1 -1 0 
16 4 301 388 169 155 -1 -1 -1 0 
16 5 453 361 97 118 -1 -1 -1 0 
16 6 68 348 24 23 -1 -1 -1 0 
16 7 1714 474 44 59 -1 -1 -1 0 
16 11 452 363 97 116 -1 -1 -1 0 
16 14 185 336 34 21 -1 -1 -1 0 
16 18 261 296 26 29 -1 -1 -1 0 
16 19 1 511 44 79 -1 -1 -1 0 
17 1 1138 533 165 109 -1 -1 -1 0 
17 2 819 416 73 55 -1 -1 -1 0 
17 3 726 462 105 77 -1 -1 -1 0 
17 4 301 388 169 155 -1 -1 -1 0 
17 5 452 361 99 118 -1 -1 -1 0 
17 6 68 348 24 23 -1 -1 -1 0 
17 7 1719 479 50 57 -1 -1 -1 0 
17 11 453 363 96 115 -1 -1 -1 0 
17 14 187 334 35 22 -1 -1 -1 0 
17 18 261 295 26 30 -1 -1 -1 0 
17 19 0 511 45 79 -1 -1 -1 0 
18 1 1144 535 164 110 -1 -1 -1 0 
18 2 821 417 72 54 -1 -1 -1 0 
18 3 728 463 109 77 -1 -1 -1 0 
18 4 301 388 168 155 -1 -1 -1 0 
18 5 455 361 94 118 -1 -1 -1 0 
18 6 68 348 24 23 -1 -1 -1 0 
18 7 1727 477 48 60 -1 -1 -1 0 
18 14 189 335 34 21 -1 -1 -1 0 
18 18 260 295 27 30 -1 -1 -1 0 
18 19 0 512 47 78 -1 -1 -1 0 
19 1 1149 536 166 112 -1 -1 -1 0 
19 2 822 417 72 54 -1 -1 -1 0 
19 3 730 465 109 77 -1 -1 -1 0 
19 4 301 388 168 155 -1 -1 -1 0 
19 5 455 361 94 117 -1 -1 -1 0 
19 6 67 348 25 23 -1 -1 -1 0 
19 7 1732 482 54 59 -1 -1 -1 0 
19 14 191 333 31 23 -1 -1 -1 0 
19 18 260 294 27 31 -1 -1 -1 0 
19 19 0 512 47 78 -1 -1 -1 0 
20 1 1152 538 172 114 -1 -1 -1 0 
20 2 824 418 71 53 -1 -1 -1 0 
20 3 730 466 112 77 -1 -1 -1 0 
20 4 301 388 169 155 -1 -1 -1 0 
20 5 455 361 93 117 -1 -1 -1 0 
20 6 68 348 24 23 -1 -1 -1 0 
20 7 1743 483 47 60 -1 -1 -1 0 
20 14 193 333 31 23 -1 -1 -1 0 
20 19 1 512 46 78 -1 -1 -1 0 
21 1 1158 540 173 116 -1 -1 -1 0 
21 2 822 418 74 54 -1 -1 -1 0 
21 3 734 467 109 77 -1 -1 -1 0 
21 4 300 388 170 156 -1 -1 -1 0 
21 5 455 361 93 117 -1 -1 -1 0 
21 6 68 347 23 24 -1 -1 -1 0 
21 7 1746 486 54 58 -1 -1 -1 0 
21 14 195 331 32 24 -1 -1 -1 0 
21 19 0 513 46 77 -1 -1 -1 0 
22 1 1163 541 173 118 -1 -1 -1 0 
22 2 821 418 76 54 -1 -1 -1 0 
22 3 738 468 105 78 -1 -1 -1 0 
22 4 300 388 169 156 -1 -1 -1 0 
22 5 456 362 93 116 -1 -1 -1 0 
22 6 68 347 23 23 -1 -1 -1 0 
22 7 1756 488 52 58 -1 -1 -1 0 
22 14 198 331 29 23 -1 -1 -1 0 
22 19 0 513 46 77 -1 -1 -1 0 
22 22 1514 426 44 52 -1 -1 -1 0 
23 1 1168 544 177 118 -1 -1 -1 0 
23 2 823 418 73 55 -1 -1 -1 0 
23 3 738 469 107 79 -1 -1 -1 0 
23 4 301 388 168 156 -1 -1 -1 0 
23 5 458 364 90 114 -1 -1 -1 0 
23 6 67 347 24 23 -1 -1 -1 0 
23 7 1763 488 51 61 -1 -1 -1 0 
23 14 195 332 36 21 -1 -1 -1 0 
23 19 0 513 46 76 -1 -1 -1 0 
23 22 1520 425 46 56 -1 -1 -1 0 
24 1 1174 546 177 119 -1 -1 -1 0 
24 2 822 417 76 56 -1 -1 -1 0 
24 3 740 470 108 80 -1 -1 -1 0 
24 4 300 388 170 156 -1 -1 -1 0 
24 5 460 371 89 106 -1 -1 -1 0 
24 6 67 346 25 25 -1 -1 -1 0 
24 7 1770 490 52 62 -1 -1 -1 0 
24 14 199 331 31 23 -1 -1 -1 0 
24 18 259 295 28 31 -1 -1 -1 0 
24 19 0 513 46 76 -1 -1 -1 0 
24 22 1526 427 45 54 -1 -1 -1 0 
25 1 1178 548 181 120 -1 -1 -1 0 
25 2 821 418 76 55 -1 -1 -1 0 
25 3 741 471 110 81 -1 -1 -1 0 
25 4 300 388 169 156 -1 -1 -1 0 
25 5 462 374 87 103 -1 -1 -1 0 
25 6 67 346 25 25 -1 -1 -1 0 
25 7 1780 492 49 64 -1 -1 -1 0 
25 14 199 331 34 23 -1 -1 -1 0 
25 18 260 295 26 30 -1 -1 -1 0 
25 19 0 513 45 76 -1 -1 -1 0 
25 22 1532 431 44 51 -1 -1 -1 0 
26 1 1185 551 182 121 -1 -1 -1 0 
26 2 821 418 77 54 -1 -1 -1 0 
26 3 743 472 113 81 -1 -1 -1 0 
26 4 300 388 170 156 -1 -1 -1 0 
26 5 462 375 87 102 -1 -1 -1 0 
26 6 67 346 26 25 -1 -1 -1 0 
26 7 1786 495 53 63 -1 -1 -1 0 
26 14 200 330 35 23 -1 -1 -1 0 
26 18 259 295 28 30 -1 -1 -1 0 
26 19 0 513 44 75 -1 -1 -1 0 
26 22 1539 434 43 49 -1 -1 -1 0 
27 1 1191 553 183 123 -1 -1 -1 0 
27 2 825 418 72 54 -1 -1 -1 0 
27 3 745 475 115 79 -1 -1 -1 0 
27 4 300 389 169 156 -1 -1 -1 0 
27 5 463 379 86 98 -1 -1 -1 0 
27 6 67 346 26 25 -1 -1 -1 0 
27 7 1792 496 55 65 -1 -1 -1 0 
27 14 201 329 36 23 -1 -1 -1 0 
27 18 260 297 27 28 -1 -1 -1 0 
27 19 0 513 44 75 -1 -1 -1 0 
27 22 1545 443 46 44 -1 -1 -1 0 
28 1 1196 556 186 124 -1 -1 -1 0 
28 2 837 419 59 53 -1 -1 -1 0 
28 3 749 474 114 82 -1 -1 -1 0 
28 4 300 389 170 156 -1 -1 -1 0 
28 5 464 380 85 97 -1 -1 -1 0 
28 6 67 346 26 25 -1 -1 -1 0 
28 7 1801 501 57 62 -1 -1 -1 0 
28 14 203 328 37 24 -1 -1 -1 0 
28 18 260 296 27 29 -1 -1 -1 0 
28 19 0 513 44 75 -1 -1 -1 0 
28 22 1551 446 47 44 -1 -1 -1 0 
29 1 1202 559 188 124 -1 -1 -1 0 
29 2 841 419 57 54 -1 -1 -1 0 
29 3 751 474 114 83 -1 -1 -1 0 
29 4 300 390 170 155 -1 -1 -1 0 
29 5 464 376 84 101 -1 -1 -1 0 
29 6 67 346 26 25 -1 -1 -1 0 
29 7 1808 504 57 61 -1 -1 -1 0 
29 14 203 328 39 23 -1 -1 -1 0 
29 18 260 296 26 29 -1 -1 -1 0 
29 19 0 513 44 75 -1 -1 -1 0 
29 22 1560 451 45 41 -1 -1 -1 0 
30 1 1208 560 188 126 -1 -1 -1 0 
30 2 842 420 57 53 -1 -1 -1 0 
30 3 751 477 117 82 -1 -1 -1 0 
30 4 299 390 171 154 -1 -1 -1 0 
30 5 463 374 85 103 -1 -1 -1 0 
30 6 67 346 26 25 -1 -1 -1 0 
30 7 1818 504 55 63 -1 -1 -1 0 
30 14 207 328 34 23 -1 -1 -1 0 
30 18 261 297 26 28 -1 -1 -1 0 
30 19 0 513 44 75 -1 -1 -1 0 
30 22 1564 452 47 42 -1 -1 -1 0 
31 1 1214 564 190 126 -1 -1 -1 0 
31 2 840 418 60 55 -1 -1 -1 0 
31 3 753 478 120 83 -1 -1 -1 0 
31 4 300 390 169 154 -1 -1 -1 0 
31 5 462 369 86 108 -1 -1 -1 0 
31 6 67 346 26 25 -1 -1 -1 0 
31 7 1826 506 57 64 -1 -1 -1 0 
31 14 208 327 35 23 -1 -1 -1 0 
31 18 261 298 27 26 -1 -1 -1 0 
31 19 0 512 44 76 -1 -1 -1 0 
31 22 1571 448 46 47 -1 -1 -1 0 
32 1 1219 566 192 128 -1 -1 -1 0 
32 2 843 419 57 54 -1 -1 -1 0 
32 3 756 480 120 83 -1 -1 -1 0 
32 4 300 390 169 154 -1 -1 -1 0 
32 5 461 367 88 110 -1 -1 -1 0 
32 6 67 346 26 25 -1 -1 -1 0 
32 7 1834 508 57 64 -1 -1 -1 0 
32 14 208 327 36 23 -1 -1 -1 0 
32 18 262 297 25 27 -1 -1 -1 0 
32 19 0 512 44 76 -1 -1 -1 0 
32 22 1576 446 47 50 -1 -1 -1 0 
33 1 1224 568 196 130 -1 -1 -1 0 
33 2 844 426 57 47 -1 -1 -1 0 
33 3 758 481 121 84 -1 -1 -1 0 
33 4 300 388 169 155 -1 -1 -1 0 
33 5 461 366 89 111 -1 -1 -1 0 
33 6 67 346 26 25 -1 -1 -1 0 
33 7 1841 508 57 67 -1 -1 -1 0 
33 14 209 327 35 23 -1 -1 -1 0 
33 18 261 297 27 27 -1 -1 -1 0 
33 19 0 512 44 76 -1 -1 -1 0 
33 22 1582 451 48 47 -1 -1 -1 0 
34 1 1229 571 200 130 -1 -1 -1 0 
34 2 846 430 55 42 -1 -1 -1 0 
34 3 760 484 121 82 -1 -1 -1 0 
34 4 300 388 169 155 -1 -1 -1 0 
34 5 461 366 88 112 -1 -1 -1 0 
34 6 67 346 26 25 -1 -1 -1 0 
34 7 1850 510 57 69 -1 -1 -1 0 
34 14 211 327 34 23 -1 -1 -1 0 
34 18 261 297 28 27 -1 -1 -1 0 
34 19 0 513 44 75 -1 -1 -1 0 
34 22 1589 450 45 50 -1 -1 -1 0 
35 1 1237 573 201 132 -1 -1 -1 0 
35 2 847 431 54 41 -1 -1 -1 0 
35 3 763 483 119 85 -1 -1 -1 0 
35 4 299 386 170 157 -1 -1 -1 0 
35 5 463 368 87 109 -1 -1 -1 0 
35 6 68 346 24 25 -1 -1 -1 0 
35 7 1860 508 55 74 -1 -1 -1 0 
35 14 212 324 34 26 -1 -1 -1 0 
35 18 262 297 27 26 -1 -1 -1 0 
35 19 0 513 43 74 -1 -1 -1 0 
35 22 1594 451 48 50 -1 -1 -1 0 
36 1 1245 577 199 133 -1 -1 -1 0 
36 2 846 426 54 47 -1 -1 -1 0 
36 3 764 485 124 85 -1 -1 -1 0 
36 4 299 387 170 157 -1 -1 -1 0 
36 5 464 369 85 108 -1 -1 -1 0 
36 6 67 346 26 25 -1 -1 -1 0 
36 7 1866 509 53 73 -1 -1 -1 0 
36 14 213 323 35 26 -1 -1 -1 0 
36 18 262 298 27 24 -1 -1 -1 0 
36 19 0 513 43 74 -1 -1 -1 0 
36 22 1601 450 46 53 -1 -1 -1 0 
37 1 1251 580 202 135 -1 -1 -1 0 
37 2 845 428 56 44 -1 -1 -1 0 
37 3 767 486 124 86 -1 -1 -1 0 
37 4 299 387 171 157 -1 -1 -1 0 
37 5 464 367 85 110 -1 -1 -1 0 
37 6 67 346 25 25 -1 -1 -1 0 
37 7 1876 512 43 71 -1 -1 -1 0 
37 14 215 324 33 25 -1 -1 -1 0 
37 18 262 298 27 24 -1 -1 -1 0 
37 22 1606 451 49 54 -1 -1 -1 0 
38 1 1258 583 204 137 -1 -1 -1 0 
38 2 845 428 56 44 -1 -1 -1 0 
38 3 771 488 122 86 -1 -1 -1 0 
38 4 299 387 171 157 -1 -1 -1 0 
38 5 463 368 87 109 -1 -1 -1 0 
38 6 67 346 24 25 -1 -1 -1 0 
38 7 1886 505 33 80 -1 -1 -1 0 
38 14 216 321 33 28 -1 -1 -1 0 
38 18 262 297 26 25 -1 -1 -1 0 
38 22 1614 451 48 56 -1 -1 -1 0 
39 1 1265 587 206 137 -1 -1 -1 0 
39 2 845 427 56 45 -1 -1 -1 0 
39 3 774 489 122 86 -1 -1 -1 0 
39 4 300 389 170 155 -1 -1 -1 0 
39 5 466 378 85 100 -1 -1 -1 0 
39 6 67 346 25 25 -1 -1 -1 0 
39 7 1895 508 24 79 -1 -1 -1 0 
39 14 216 321 35 27 -1 -1 -1 0 
39 18 262 297 26 25 -1 -1 -1 0 
39 19 0 511 43 76 -1 -1 -1 0 
39 22 1620 453 49 56 -1 -1 -1 0 
40 1 1271 590 211 137 -1 -1 -1 0 
40 2 843 424 59 49 -1 -1 -1 0 
40 3 778 490 121 89 -1 -1 -1 0 
40 4 301 389 168 154 -1 -1 -1 0 
40 5 467 384 83 94 -1 -1 -1 0 
40 6 67 346 25 25 -1 -1 -1 0 
40 7 1905 512 14 77 -1 -1 -1 0 
40 14 216 321 35 27 -1 -1 -1 0 
40 19 0 511 43 76 -1 -1 -1 0 
40 22 1625 454 51 57 -1 -1 -1 0 
41 1 1278 593 213 137 -1 -1 -1 0 
41 2 825 421 80 52 -1 -1 -1 0 
41 3 779 491 125 90 -1 -1 -1 0 
41 4 301 389 168 154 -1 -1 -1 0 
41 5 469 385 81 93 -1 -1 -1 0 
41 6 67 346 25 25 -1 -1 -1 0 
41 7 1915 513 4 78 -1 -1 -1 0 
41 14 216 322 36 26 -1 -1 -1 0 
41 22 1633 459 51 53 -1 -1 -1 0 
41 26 1031 338 218 105 -1 -1 -1 0 
42 1 1287 596 212 140 -1 -1 -1 0 
42 2 821 418 81 55 -1 -1 -1 0 
42 3 783 491 123 91 -1 -1 -1 0 
42 4 300 389 170 154 -1 -1 -1 0 
42 5 470 385 79 94 -1 -1 -1 0 
42 6 68 346 24 25 -1 -1 -1 0 
42 14 216 321 38 27 -1 -1 -1 0 
42 22 1639 460 53 52 -1 -1 -1 0 
42 26 1037 340 213 103 -1 -1 -1 0 
43 1 1294 598 216 142 -1 -1 -1 0 
43 2 819 418 84 56 -1 -1 -1 0 
43 3 785 493 125 93 -1 -1 -1 0 
43 4 299 389 171 154 -1 -1 -1 0 
43 5 470 388 81 91 -1 -1 -1 0 
43 6 68 346 24 24 -1 -1 -1 0 
43 22 1647 460 50 54 -1 -1 -1 0 
43 26 1049 340 202 102 -1 -1 -1 0 
44 1 1301 602 219 143 -1 -1 -1 0 
44 2 816 417 88 55 -1 -1 -1 0 
44 3 786 495 128 93 -1 -1 -1 0 
44 4 300 389 169 154 -1 -1 -1 0 
44 5 469 383 80 95 -1 -1 -1 0 
44 6 67 346 26 25 -1 -1 -1 0 
44 14 222 319 33 26 -1 -1 -1 0 
44 22 1654 458 49 58 -1 -1 -1 0 
44 26 1055 338 197 104 -1 -1 -1 0 
45 1 1309 607 221 143 -1 -1 -1 0 
45 2 815 417 88 56 -1 -1 -1 0 
45 3 789 497 129 93 -1 -1 -1 0 
45 4 299 390 171 153 -1 -1 -1 0 
45 5 466 374 83 104 -1 -1 -1 0 
45 6 68 345 24 26 -1 -1 -1 0 
45 14 224 320 31 25 -1 -1 -1 0 
45 22 1659 461 54 56 -1 -1 -1 0 
45 26 1042 339 219 104 -1 -1 -1 0 
46 1 1316 610 223 144 -1 -1 -1 0 
46 2 817 418 89 55 -1 -1 -1 0 
46 3 792 500 131 93 -1 -1 -1 0 
46 4 299 390 172 153 -1 -1 -1 0 
46 5 462 367 87 110 -1 -1 -1 0 
46 6 67 345 26 27 -1 -1 -1 0 
46 14 224 321 32 24 -1 -1 -1 0 
46 19 0 512 42 78 -1 -1 -1 0 
46 22 1667 463 52 56 -1 -1 -1 0 
46 26 1046 339 215 104 -1 -1 -1 0 
46 33 1537 450 48 51 -1 -1 -1 0 
47 1 1324 614 225 147 -1 -1 -1 0 
47 2 816 418 90 56 -1 -1 -1 0 
