3 1 1067 504 150 100 -1 -1 -1 0 
3 2 843 420 47 48 -1 -1 -1 0 
3 3 707 449 97 72 -1 -1 -1 0 
3 4 299 388 170 156 -1 -1 -1 0 
3 5 454 360 96 119 -1 -1 -1 0 
3 6 1621 453 48 55 -1 -1 -1 0 
4 1 1072 507 152 99 -1 -1 -1 0 
4 2 824 418 67 55 -1 -1 -1 0 
4 3 706 450 101 73 -1 -1 -1 0 
4 4 299 388 170 157 -1 -1 -1 0 
4 5 454 360 96 119 -1 -1 -1 0 
4 6 1629 455 45 56 -1 -1 -1 0 
4 8 443 360 105 120 -1 -1 -1 0 
5 1 1079 507 149 102 -1 -1 -1 0 
5 2 818 417 73 57 -1 -1 -1 0 
5 3 706 451 103 73 -1 -1 -1 0 
5 4 299 388 170 157 -1 -1 -1 0 
5 5 454 360 95 119 -1 -1 -1 0 
5 6 1634 457 45 55 -1 -1 -1 0 
5 8 442 361 107 119 -1 -1 -1 0 
6 1 1082 508 152 104 -1 -1 -1 0 
6 2 816 417 74 58 -1 -1 -1 0 
6 3 709 452 100 72 -1 -1 -1 0 
6 4 299 387 170 158 -1 -1 -1 0 
6 5 454 361 95 117 -1 -1 -1 0 
6 6 1643 460 47 54 -1 -1 -1 0 
6 8 443 361 105 119 -1 -1 -1 0 
7 1 1086 509 154 104 -1 -1 -1 0 
7 2 814 416 77 60 -1 -1 -1 0 
7 3 709 453 102 73 -1 -1 -1 0 
7 4 299 387 170 157 -1 -1 -1 0 
7 5 455 362 94 116 -1 -1 -1 0 
7 6 1650 463 46 53 -1 -1 -1 0 
7 8 444 362 105 118 -1 -1 -1 0 
8 1 1093 511 153 105 -1 -1 -1 0 
8 2 815 415 77 60 -1 -1 -1 0 
8 3 711 454 102 73 -1 -1 -1 0 
8 4 299 387 169 157 -1 -1 -1 0 
8 5 455 362 95 116 -1 -1 -1 0 
8 6 1659 469 45 48 -1 -1 -1 0 
8 8 444 362 105 118 -1 -1 -1 0 
9 1 1097 515 156 104 -1 -1 -1 0 
9 2 814 416 80 58 -1 -1 -1 0 
9 3 712 455 103 74 -1 -1 -1 0 
9 4 300 387 169 157 -1 -1 -1 0 
9 5 455 361 95 117 -1 -1 -1 0 
9 6 1666 472 44 46 -1 -1 -1 0 
9 8 444 362 105 118 -1 -1 -1 0 
10 1 1103 515 154 108 -1 -1 -1 0 
10 2 816 417 77 58 -1 -1 -1 0 
10 3 712 456 106 74 -1 -1 -1 0 
10 4 300 387 169 156 -1 -1 -1 0 
10 5 455 361 94 116 -1 -1 -1 0 
10 6 1671 467 46 54 -1 -1 -1 0 
10 8 443 362 106 117 -1 -1 -1 0 
11 1 1106 517 158 109 -1 -1 -1 0 
11 2 815 417 78 56 -1 -1 -1 0 
11 3 712 457 106 74 -1 -1 -1 0 
11 4 301 388 168 155 -1 -1 -1 0 
11 5 455 361 94 116 -1 -1 -1 0 
11 6 1676 466 47 56 -1 -1 -1 0 
11 8 443 363 106 116 -1 -1 -1 0 
12 1 1112 521 158 108 -1 -1 -1 0 
12 2 816 417 77 56 -1 -1 -1 0 
12 3 719 458 100 74 -1 -1 -1 0 
12 4 301 388 168 155 -1 -1 -1 0 
12 5 455 361 94 116 -1 -1 -1 0 
12 6 1686 471 44 53 -1 -1 -1 0 
12 8 443 363 106 116 -1 -1 -1 0 
13 1 1116 523 161 109 -1 -1 -1 0 
13 2 816 417 76 56 -1 -1 -1 0 
13 3 716 461 109 72 -1 -1 -1 0 
13 4 301 388 169 155 -1 -1 -1 0 
13 5 456 361 93 117 -1 -1 -1 0 
13 6 1691 474 48 53 -1 -1 -1 0 
13 8 445 363 104 116 -1 -1 -1 0 
14 1 1121 525 162 109 -1 -1 -1 0 
14 2 817 417 75 55 -1 -1 -1 0 
14 3 717 462 110 72 -1 -1 -1 0 
14 4 301 388 169 155 -1 -1 -1 0 
14 5 455 361 94 117 -1 -1 -1 0 
14 6 1699 478 47 51 -1 -1 -1 0 
14 8 443 363 106 116 -1 -1 -1 0 
15 1 1125 529 166 107 -1 -1 -1 0 
15 2 817 417 76 54 -1 -1 -1 0 
15 3 720 462 108 74 -1 -1 -1 0 
15 4 302 388 167 155 -1 -1 -1 0 
15 5 454 361 95 117 -1 -1 -1 0 
15 6 1707 479 46 52 -1 -1 -1 0 
15 8 443 363 106 116 -1 -1 -1 0 
15 11 1 512 44 77 -1 -1 -1 0 
16 1 1132 531 165 107 -1 -1 -1 0 
16 2 818 416 75 55 -1 -1 -1 0 
16 3 723 463 106 75 -1 -1 -1 0 
16 4 301 388 169 155 -1 -1 -1 0 
16 5 453 361 97 118 -1 -1 -1 0 
16 6 1714 474 44 59 -1 -1 -1 0 
16 8 452 363 97 116 -1 -1 -1 0 
16 11 1 511 44 79 -1 -1 -1 0 
17 1 1138 533 165 109 -1 -1 -1 0 
17 2 819 416 73 55 -1 -1 -1 0 
17 3 726 462 105 77 -1 -1 -1 0 
17 4 301 388 169 155 -1 -1 -1 0 
17 5 452 361 99 118 -1 -1 -1 0 
17 6 1719 479 50 57 -1 -1 -1 0 
17 8 453 363 96 115 -1 -1 -1 0 
17 11 0 511 45 79 -1 -1 -1 0 
18 1 1144 535 164 110 -1 -1 -1 0 
18 2 821 417 72 54 -1 -1 -1 0 
18 3 728 463 109 77 -1 -1 -1 0 
18 4 301 388 168 155 -1 -1 -1 0 
18 5 455 361 94 118 -1 -1 -1 0 
18 6 1727 477 48 60 -1 -1 -1 0 
18 11 0 512 47 78 -1 -1 -1 0 
19 1 1149 536 166 112 -1 -1 -1 0 
19 2 822 417 72 54 -1 -1 -1 0 
19 3 730 465 109 77 -1 -1 -1 0 
19 4 301 388 168 155 -1 -1 -1 0 
19 5 455 361 94 117 -1 -1 -1 0 
19 6 1732 482 54 59 -1 -1 -1 0 
19 11 0 512 47 78 -1 -1 -1 0 
20 1 1152 538 172 114 -1 -1 -1 0 
20 2 824 418 71 53 -1 -1 -1 0 
20 3 730 466 112 77 -1 -1 -1 0 
20 4 301 388 169 155 -1 -1 -1 0 
20 5 455 361 93 117 -1 -1 -1 0 
20 6 1743 483 47 60 -1 -1 -1 0 
20 11 1 512 46 78 -1 -1 -1 0 
21 1 1158 540 173 116 -1 -1 -1 0 
21 2 822 418 74 54 -1 -1 -1 0 
21 3 734 467 109 77 -1 -1 -1 0 
21 4 300 388 170 156 -1 -1 -1 0 
21 5 455 361 93 117 -1 -1 -1 0 
21 6 1746 486 54 58 -1 -1 -1 0 
21 11 0 513 46 77 -1 -1 -1 0 
22 1 1163 541 173 118 -1 -1 -1 0 
22 2 821 418 76 54 -1 -1 -1 0 
22 3 738 468 105 78 -1 -1 -1 0 
22 4 300 388 169 156 -1 -1 -1 0 
22 5 456 362 93 116 -1 -1 -1 0 
22 6 1756 488 52 58 -1 -1 -1 0 
22 11 0 513 46 77 -1 -1 -1 0 
22 14 1514 426 44 52 -1 -1 -1 0 
23 1 1168 544 177 118 -1 -1 -1 0 
23 2 823 418 73 55 -1 -1 -1 0 
23 3 738 469 107 79 -1 -1 -1 0 
23 4 301 388 168 156 -1 -1 -1 0 
23 5 458 364 90 114 -1 -1 -1 0 
23 6 1763 488 51 61 -1 -1 -1 0 
23 11 0 513 46 76 -1 -1 -1 0 
23 14 1520 425 46 56 -1 -1 -1 0 
24 1 1174 546 177 119 -1 -1 -1 0 
24 2 822 417 76 56 -1 -1 -1 0 
24 3 740 470 108 80 -1 -1 -1 0 
24 4 300 388 170 156 -1 -1 -1 0 
24 5 460 371 89 106 -1 -1 -1 0 
24 6 1770 490 52 62 -1 -1 -1 0 
24 11 0 513 46 76 -1 -1 -1 0 
24 14 1526 427 45 54 -1 -1 -1 0 
25 1 1178 548 181 120 -1 -1 -1 0 
25 2 821 418 76 55 -1 -1 -1 0 
25 3 741 471 110 81 -1 -1 -1 0 
25 4 300 388 169 156 -1 -1 -1 0 
25 5 462 374 87 103 -1 -1 -1 0 
25 6 1780 492 49 64 -1 -1 -1 0 
25 11 0 513 45 76 -1 -1 -1 0 
25 14 1532 431 44 51 -1 -1 -1 0 
26 1 1185 551 182 121 -1 -1 -1 0 
26 2 821 418 77 54 -1 -1 -1 0 
26 3 743 472 113 81 -1 -1 -1 0 
26 4 300 388 170 156 -1 -1 -1 0 
26 5 462 375 87 102 -1 -1 -1 0 
26 6 1786 495 53 63 -1 -1 -1 0 
26 11 0 513 44 75 -1 -1 -1 0 
26 14 1539 434 43 49 -1 -1 -1 0 
27 1 1191 553 183 123 -1 -1 -1 0 
27 2 825 418 72 54 -1 -1 -1 0 
27 3 745 475 115 79 -1 -1 -1 0 
27 4 300 389 169 156 -1 -1 -1 0 
27 5 463 379 86 98 -1 -1 -1 0 
27 6 1792 496 55 65 -1 -1 -1 0 
27 11 0 513 44 75 -1 -1 -1 0 
27 14 1545 443 46 44 -1 -1 -1 0 
28 1 1196 556 186 124 -1 -1 -1 0 
28 2 837 419 59 53 -1 -1 -1 0 
28 3 749 474 114 82 -1 -1 -1 0 
28 4 300 389 170 156 -1 -1 -1 0 
28 5 464 380 85 97 -1 -1 -1 0 
28 6 1801 501 57 62 -1 -1 -1 0 
28 11 0 513 44 75 -1 -1 -1 0 
28 14 1551 446 47 44 -1 -1 -1 0 
29 1 1202 559 188 124 -1 -1 -1 0 
29 2 841 419 57 54 -1 -1 -1 0 
29 3 751 474 114 83 -1 -1 -1 0 
29 4 300 390 170 155 -1 -1 -1 0 
29 5 464 376 84 101 -1 -1 -1 0 
29 6 1808 504 57 61 -1 -1 -1 0 
29 11 0 513 44 75 -1 -1 -1 0 
29 14 1560 451 45 41 -1 -1 -1 0 
30 1 1208 560 188 126 -1 -1 -1 0 
30 2 842 420 57 53 -1 -1 -1 0 
30 3 751 477 117 82 -1 -1 -1 0 
30 4 299 390 171 154 -1 -1 -1 0 
30 5 463 374 85 103 -1 -1 -1 0 
30 6 1818 504 55 63 -1 -1 -1 0 
30 11 0 513 44 75 -1 -1 -1 0 
30 14 1564 452 47 42 -1 -1 -1 0 
31 1 1214 564 190 126 -1 -1 -1 0 
31 2 840 418 60 55 -1 -1 -1 0 
31 3 753 478 120 83 -1 -1 -1 0 
31 4 300 390 169 154 -1 -1 -1 0 
31 5 462 369 86 108 -1 -1 -1 0 
31 6 1826 506 57 64 -1 -1 -1 0 
31 11 0 512 44 76 -1 -1 -1 0 
31 14 1571 448 46 47 -1 -1 -1 0 
32 1 1219 566 192 128 -1 -1 -1 0 
32 2 843 419 57 54 -1 -1 -1 0 
32 3 756 480 120 83 -1 -1 -1 0 
32 4 300 390 169 154 -1 -1 -1 0 
32 5 461 367 88 110 -1 -1 -1 0 
32 6 1834 508 57 64 -1 -1 -1 0 
32 11 0 512 44 76 -1 -1 -1 0 
32 14 1576 446 47 50 -1 -1 -1 0 
33 1 1224 568 196 130 -1 -1 -1 0 
33 2 844 426 57 47 -1 -1 -1 0 
33 3 758 481 121 84 -1 -1 -1 0 
33 4 300 388 169 155 -1 -1 -1 0 
33 5 461 366 89 111 -1 -1 -1 0 
33 6 1841 508 57 67 -1 -1 -1 0 
33 11 0 512 44 76 -1 -1 -1 0 
33 14 1582 451 48 47 -1 -1 -1 0 
34 1 1229 571 200 130 -1 -1 -1 0 
34 2 846 430 55 42 -1 -1 -1 0 
34 3 760 484 121 82 -1 -1 -1 0 
34 4 300 388 169 155 -1 -1 -1 0 
34 5 461 366 88 112 -1 -1 -1 0 
34 6 1850 510 57 69 -1 -1 -1 0 
34 11 0 513 44 75 -1 -1 -1 0 
34 14 1589 450 45 50 -1 -1 -1 0 
35 1 1237 573 201 132 -1 -1 -1 0 
35 2 847 431 54 41 -1 -1 -1 0 
35 3 763 483 119 85 -1 -1 -1 0 
35 4 299 386 170 157 -1 -1 -1 0 
35 5 463 368 87 109 -1 -1 -1 0 
35 6 1860 508 55 74 -1 -1 -1 0 
35 11 0 513 43 74 -1 -1 -1 0 
35 14 1594 451 48 50 -1 -1 -1 0 
36 1 1245 577 199 133 -1 -1 -1 0 
36 2 846 426 54 47 -1 -1 -1 0 
36 3 764 485 124 85 -1 -1 -1 0 
36 4 299 387 170 157 -1 -1 -1 0 
36 5 464 369 85 108 -1 -1 -1 0 
36 6 1866 509 53 73 -1 -1 -1 0 
36 11 0 513 43 74 -1 -1 -1 0 
36 14 1601 450 46 53 -1 -1 -1 0 
37 1 1251 580 202 135 -1 -1 -1 0 
37 2 845 428 56 44 -1 -1 -1 0 
37 3 767 486 124 86 -1 -1 -1 0 
37 4 299 387 171 157 -1 -1 -1 0 
37 5 464 367 85 110 -1 -1 -1 0 
37 6 1876 512 43 71 -1 -1 -1 0 
37 14 1606 451 49 54 -1 -1 -1 0 
38 1 1258 583 204 137 -1 -1 -1 0 
38 2 845 428 56 44 -1 -1 -1 0 
38 3 771 488 122 86 -1 -1 -1 0 
38 4 299 387 171 157 -1 -1 -1 0 
38 5 463 368 87 109 -1 -1 -1 0 
38 6 1886 505 33 80 -1 -1 -1 0 
38 14 1614 451 48 56 -1 -1 -1 0 
39 1 1265 587 206 137 -1 -1 -1 0 
39 2 845 427 56 45 -1 -1 -1 0 
39 3 774 489 122 86 -1 -1 -1 0 
39 4 300 389 170 155 -1 -1 -1 0 
39 5 466 378 85 100 -1 -1 -1 0 
39 6 1895 508 24 79 -1 -1 -1 0 
39 11 0 511 43 76 -1 -1 -1 0 
39 14 1620 453 49 56 -1 -1 -1 0 
40 1 1271 590 211 137 -1 -1 -1 0 
40 2 843 424 59 49 -1 -1 -1 0 
40 3 778 490 121 89 -1 -1 -1 0 
40 4 301 389 168 154 -1 -1 -1 0 
40 5 467 384 83 94 -1 -1 -1 0 
40 6 1905 512 14 77 -1 -1 -1 0 
40 11 0 511 43 76 -1 -1 -1 0 
40 14 1625 454 51 57 -1 -1 -1 0 
41 1 1278 593 213 137 -1 -1 -1 0 
41 2 825 421 80 52 -1 -1 -1 0 
41 3 779 491 125 90 -1 -1 -1 0 
41 4 301 389 168 154 -1 -1 -1 0 
41 5 469 385 81 93 -1 -1 -1 0 
41 6 1915 513 4 78 -1 -1 -1 0 
41 14 1633 459 51 53 -1 -1 -1 0 
41 16 1031 338 218 105 -1 -1 -1 0 
42 1 1287 596 212 140 -1 -1 -1 0 
42 2 821 418 81 55 -1 -1 -1 0 
42 3 783 491 123 91 -1 -1 -1 0 
42 4 300 389 170 154 -1 -1 -1 0 
42 5 470 385 79 94 -1 -1 -1 0 
42 14 1639 460 53 52 -1 -1 -1 0 
42 16 1037 340 213 103 -1 -1 -1 0 
43 1 1294 598 216 142 -1 -1 -1 0 
43 2 819 418 84 56 -1 -1 -1 0 
43 3 785 493 125 93 -1 -1 -1 0 
43 4 299 389 171 154 -1 -1 -1 0 
43 5 470 388 81 91 -1 -1 -1 0 
43 14 1647 460 50 54 -1 -1 -1 0 
43 16 1049 340 202 102 -1 -1 -1 0 
44 1 1301 602 219 143 -1 -1 -1 0 
44 2 816 417 88 55 -1 -1 -1 0 
44 3 786 495 128 93 -1 -1 -1 0 
44 4 300 389 169 154 -1 -1 -1 0 
44 5 469 383 80 95 -1 -1 -1 0 
44 14 1654 458 49 58 -1 -1 -1 0 
44 16 1055 338 197 104 -1 -1 -1 0 
45 1 1309 607 221 143 -1 -1 -1 0 
45 2 815 417 88 56 -1 -1 -1 0 
45 3 789 497 129 93 -1 -1 -1 0 
45 4 299 390 171 153 -1 -1 -1 0 
45 5 466 374 83 104 -1 -1 -1 0 
45 14 1659 461 54 56 -1 -1 -1 0 
45 16 1042 339 219 104 -1 -1 -1 0 
46 1 1316 610 223 144 -1 -1 -1 0 
46 2 817 418 89 55 -1 -1 -1 0 
46 3 792 500 131 93 -1 -1 -1 0 
46 4 299 390 172 153 -1 -1 -1 0 
46 5 462 367 87 110 -1 -1 -1 0 
46 11 0 512 42 78 -1 -1 -1 0 
46 14 1667 463 52 56 -1 -1 -1 0 
46 16 1046 339 215 104 -1 -1 -1 0 
46 22 1537 450 48 51 -1 -1 -1 0 
47 1 1324 614 225 147 -1 -1 -1 0 
47 2 816 418 90 56 -1 -1 -1 0 
47 3 796 500 129 95 -1 -1 -1 0 
47 4 299 390 171 153 -1 -1 -1 0 
47 5 462 373 90 105 -1 -1 -1 0 
47 11 0 512 42 79 -1 -1 -1 0 
47 14 1673 465 53 55 -1 -1 -1 0 
47 16 1048 340 214 102 -1 -1 -1 0 
47 22 1543 451 49 53 -1 -1 -1 0 
48 1 1332 615 228 151 -1 -1 -1 0 
48 2 815 418 91 58 -1 -1 -1 0 
48 3 796 502 136 97 -1 -1 -1 0 
48 4 299 391 170 152 -1 -1 -1 0 
48 5 465 375 86 104 -1 -1 -1 0 
48 14 1681 469 53 53 -1 -1 -1 0 
48 16 1085 340 177 102 -1 -1 -1 0 
48 22 1550 454 49 51 -1 -1 -1 0 
48 24 0 347 54 64 -1 -1 -1 0 
49 1 1340 618 233 154 -1 -1 -1 0 
49 2 815 418 91 58 -1 -1 -1 0 
49 3 799 504 138 97 -1 -1 -1 0 
49 4 300 391 169 152 -1 -1 -1 0 
49 5 464 375 88 104 -1 -1 -1 0 
49 11 0 513 43 77 -1 -1 -1 0 
49 14 1687 469 55 55 -1 -1 -1 0 
49 16 1079 341 188 108 -1 -1 -1 0 
49 22 1559 457 45 48 -1 -1 -1 0 
49 24 0 347 55 63 -1 -1 -1 0 
50 1 1347 622 238 154 -1 -1 -1 0 
50 2 816 418 91 59 -1 -1 -1 0 
50 3 805 505 132 99 -1 -1 -1 0 
50 4 300 391 169 152 -1 -1 -1 0 
50 5 463 375 90 104 -1 -1 -1 0 
50 11 0 513 42 77 -1 -1 -1 0 
50 14 1695 471 54 56 -1 -1 -1 0 
50 16 1107 343 158 105 -1 -1 -1 0 
50 22 1565 457 45 49 -1 -1 -1 0 
50 24 1 347 53 63 -1 -1 -1 0 
51 1 1357 625 238 156 -1 -1 -1 0 
51 2 826 418 80 61 -1 -1 -1 0 
51 3 806 509 138 97 -1 -1 -1 0 
51 4 295 391 175 153 -1 -1 -1 0 
51 5 451 358 103 123 -1 -1 -1 0 
51 11 0 514 42 73 -1 -1 -1 0 
51 14 1701 472 55 57 -1 -1 -1 0 
51 16 1116 344 154 111 -1 -1 -1 0 
51 22 1661 467 52 55 -1 -1 -1 0 
51 24 1 348 54 62 -1 -1 -1 0 
52 1 1366 628 241 160 -1 -1 -1 0 
52 2 840 420 67 58 -1 -1 -1 0 
52 3 810 511 137 98 -1 -1 -1 0 
52 4 296 393 173 151 -1 -1 -1 0 
52 5 452 359 107 120 -1 -1 -1 0 
52 11 0 514 42 73 -1 -1 -1 0 
52 14 1607 466 51 47 -1 -1 -1 0 
52 16 1123 345 150 111 -1 -1 -1 0 
52 22 1701 472 55 58 -1 -1 -1 0 
53 1 1373 633 246 160 -1 -1 -1 0 
53 2 820 420 93 60 -1 -1 -1 0 
53 3 815 512 137 100 -1 -1 -1 0 
53 4 297 394 172 150 -1 -1 -1 0 
53 5 453 359 109 120 -1 -1 -1 0 
53 14 1593 460 44 52 -1 -1 -1 0 
53 16 1104 344 175 116 -1 -1 -1 0 
53 22 1719 471 57 62 -1 -1 -1 0 
54 1 1383 636 248 164 -1 -1 -1 0 
54 2 828 419 81 61 -1 -1 -1 0 
54 3 817 513 141 102 -1 -1 -1 0 
54 4 298 394 170 150 -1 -1 -1 0 
54 5 455 359 107 118 -1 -1 -1 0 
54 14 1679 468 55 60 -1 -1 -1 0 
54 16 1090 344 193 118 -1 -1 -1 0 
54 22 1641 465 56 56 -1 -1 -1 0 
55 1 1391 640 253 165 -1 -1 -1 0 
55 2 840 421 68 58 -1 -1 -1 0 
55 3 822 515 139 103 -1 -1 -1 0 
55 4 297 394 171 150 -1 -1 -1 0 
55 5 454 360 111 117 -1 -1 -1 0 
55 14 1713 474 62 61 -1 -1 -1 0 
55 16 1062 344 228 116 -1 -1 -1 0 
55 22 1615 466 52 50 -1 -1 -1 0 
56 1 1402 644 254 170 -1 -1 -1 0 
56 2 846 423 64 56 -1 -1 -1 0 
56 3 825 518 142 103 -1 -1 -1 0 
56 4 298 393 171 151 -1 -1 -1 0 
56 5 455 359 109 118 -1 -1 -1 0 
56 14 1734 472 57 67 -1 -1 -1 0 
56 16 1105 346 178 109 -1 -1 -1 0 
56 22 1612 467 47 49 -1 -1 -1 0 
57 1 1410 649 259 172 -1 -1 -1 0 
57 2 848 425 64 54 -1 -1 -1 0 
57 3 830 520 139 104 -1 -1 -1 0 
57 4 298 388 170 155 -1 -1 -1 0 
57 5 456 358 108 119 -1 -1 -1 0 
57 14 1743 475 62 65 -1 -1 -1 0 
57 16 1118 347 170 106 -1 -1 -1 0 
57 22 1615 469 45 49 -1 -1 -1 0 
58 1 1419 654 265 173 -1 -1 -1 0 
58 2 849 426 63 54 -1 -1 -1 0 
58 3 832 521 143 106 -1 -1 -1 0 
58 4 298 386 170 157 -1 -1 -1 0 
58 5 458 359 103 118 -1 -1 -1 0 
58 14 1753 482 63 61 -1 -1 -1 0 
58 16 1121 348 170 104 -1 -1 -1 0 
58 22 1618 468 49 52 -1 -1 -1 0 
59 1 1431 658 265 176 -1 -1 -1 0 
59 2 848 427 64 53 -1 -1 -1 0 
59 3 835 523 147 108 -1 -1 -1 0 
59 4 297 384 171 159 -1 -1 -1 0 
59 5 457 358 107 120 -1 -1 -1 0 
59 14 1763 484 62 61 -1 -1 -1 0 
59 16 1125 347 169 106 -1 -1 -1 0 
59 22 1624 470 47 51 -1 -1 -1 0 
60 1 1441 663 270 178 -1 -1 -1 0 
60 2 823 423 93 59 -1 -1 -1 0 
60 3 840 525 147 110 -1 -1 -1 0 
60 4 297 383 171 160 -1 -1 -1 0 
60 5 459 358 103 120 -1 -1 -1 0 
60 14 1771 493 66 55 -1 -1 -1 0 
60 16 1125 347 172 107 -1 -1 -1 0 
60 22 1632 472 46 51 -1 -1 -1 0 
60 24 0 346 58 66 -1 -1 -1 0 
61 1 1453 667 272 182 -1 -1 -1 0 
61 2 819 422 95 61 -1 -1 -1 0 
61 3 843 527 151 110 -1 -1 -1 0 
61 4 297 379 171 164 -1 -1 -1 0 
61 5 459 358 100 120 -1 -1 -1 0 
61 14 1782 489 60 62 -1 -1 -1 0 
61 16 1115 345 185 109 -1 -1 -1 0 
61 22 1638 473 49 53 -1 -1 -1 0 
61 24 0 345 58 68 -1 -1 -1 0 
62 1 1462 671 278 186 -1 -1 -1 0 
62 2 814 421 101 62 -1 -1 -1 0 
62 3 848 531 150 111 -1 -1 -1 0 
62 4 296 378 173 164 -1 -1 -1 0 
62 5 460 358 98 122 -1 -1 -1 0 
62 14 1788 492 64 61 -1 -1 -1 0 
62 16 1095 346 209 110 -1 -1 -1 0 
62 22 1645 474 48 56 -1 -1 -1 0 
63 1 1472 677 285 187 -1 -1 -1 0 
63 2 812 421 104 62 -1 -1 -1 0 
63 3 852 534 153 111 -1 -1 -1 0 
63 4 297 376 171 166 -1 -1 -1 0 
63 5 459 358 100 123 -1 -1 -1 0 
63 14 1798 492 65 65 -1 -1 -1 0 
63 16 1095 344 208 114 -1 -1 -1 0 
63 22 1651 477 51 56 -1 -1 -1 0 
64 1 1483 683 289 190 -1 -1 -1 0 
64 2 814 421 102 62 -1 -1 -1 0 
64 3 857 536 153 112 -1 -1 -1 0 
64 4 296 375 173 167 -1 -1 -1 0 
64 5 458 359 99 122 -1 -1 -1 0 
64 14 1807 492 64 67 -1 -1 -1 0 
64 16 1082 342 228 116 -1 -1 -1 0 
64 22 1658 483 53 52 -1 -1 -1 0 
65 1 1495 687 292 194 -1 -1 -1 0 
65 2 820 422 95 62 -1 -1 -1 0 
65 3 862 538 154 114 -1 -1 -1 0 
65 4 297 374 171 168 -1 -1 -1 0 
65 5 457 360 102 120 -1 -1 -1 0 
65 14 1814 494 68 66 -1 -1 -1 0 
65 16 1111 343 196 116 -1 -1 -1 0 
65 22 1666 484 53 51 -1 -1 -1 0 
66 1 1505 694 300 194 -1 -1 -1 0 
66 2 830 422 86 61 -1 -1 -1 0 
66 3 866 540 157 116 -1 -1 -1 0 
66 4 296 375 173 167 -1 -1 -1 0 
66 5 457 362 104 119 -1 -1 -1 0 
66 14 1824 496 66 67 -1 -1 -1 0 
66 16 1115 344 198 114 -1 -1 -1 0 
66 22 1673 487 53 50 -1 -1 -1 0 
67 1 1517 701 305 197 -1 -1 -1 0 
67 2 829 422 90 61 -1 -1 -1 0 
67 3 868 544 162 116 -1 -1 -1 0 
67 4 296 376 173 166 -1 -1 -1 0 
67 5 457 363 104 119 -1 -1 -1 0 
67 14 1833 496 65 70 -1 -1 -1 0 
67 16 1120 344 194 116 -1 -1 -1 0 
67 22 1682 488 52 52 -1 -1 -1 0 
68 1 1530 707 308 199 -1 -1 -1 0 
68 2 832 423 89 60 -1 -1 -1 0 
68 3 874 545 159 120 -1 -1 -1 0 
68 4 297 374 170 169 -1 -1 -1 0 
68 5 455 363 106 120 -1 -1 -1 0 
68 14 1841 502 69 66 -1 -1 -1 0 
68 16 1120 344 199 116 -1 -1 -1 0 
68 22 1688 489 54 53 -1 -1 -1 0 
69 1 1543 710 312 205 -1 -1 -1 0 
69 2 834 425 88 58 -1 -1 -1 0 
69 3 878 545 163 124 -1 -1 -1 0 
69 4 295 377 175 166 -1 -1 -1 0 
69 5 455 366 108 119 -1 -1 -1 0 
69 14 1854 485 58 84 -1 -1 -1 0 
69 16 1121 346 202 118 -1 -1 -1 0 
69 22 1695 491 56 54 -1 -1 -1 0 
70 1 1555 716 320 208 -1 -1 -1 0 
70 2 821 426 105 59 -1 -1 -1 0 
70 3 881 547 167 126 -1 -1 -1 0 
70 4 296 383 174 160 -1 -1 -1 0 
70 5 454 366 108 117 -1 -1 -1 0 
70 14 1857 491 62 80 -1 -1 -1 0 
70 16 1122 346 205 119 -1 -1 -1 0 
70 22 1707 493 51 56 -1 -1 -1 0 
71 1 1569 723 326 211 -1 -1 -1 0 
71 2 839 426 83 59 -1 -1 -1 0 
71 3 886 549 167 128 -1 -1 -1 0 
71 4 297 384 172 159 -1 -1 -1 0 
71 5 455 366 109 116 -1 -1 -1 0 
71 14 1865 506 54 64 -1 -1 -1 0 
71 16 1115 344 213 119 -1 -1 -1 0 
71 22 1714 494 54 60 -1 -1 -1 0 
72 1 1584 728 329 216 -1 -1 -1 0 
72 2 821 425 107 61 -1 -1 -1 0 
72 3 892 551 167 130 -1 -1 -1 0 
72 4 297 384 171 160 -1 -1 -1 0 
72 5 457 366 104 118 -1 -1 -1 0 
72 14 1879 512 40 58 -1 -1 -1 0 
72 16 1112 344 218 121 -1 -1 -1 0 
72 22 1721 495 56 61 -1 -1 -1 0 
73 1 1599 735 320 219 -1 -1 -1 0 
73 2 816 425 114 62 -1 -1 -1 0 
73 3 895 555 172 131 -1 -1 -1 0 
73 4 297 386 172 158 -1 -1 -1 0 
73 5 457 364 103 121 -1 -1 -1 0 
73 14 1891 505 28 68 -1 -1 -1 0 
73 16 1118 343 211 124 -1 -1 -1 0 
73 22 1729 499 59 60 -1 -1 -1 0 
74 1 1614 743 305 222 -1 -1 -1 0 
74 2 813 425 116 62 -1 -1 -1 0 
74 3 901 561 173 130 -1 -1 -1 0 
74 4 297 387 172 157 -1 -1 -1 0 
74 5 458 364 102 121 -1 -1 -1 0 
74 14 1900 506 19 68 -1 -1 -1 0 
74 16 1119 343 213 126 -1 -1 -1 0 
74 22 1738 499 57 62 -1 -1 -1 0 
75 1 1629 750 290 226 -1 -1 -1 0 
75 2 814 425 113 61 -1 -1 -1 0 
75 3 906 566 173 130 -1 -1 -1 0 
75 4 297 386 171 158 -1 -1 -1 0 
75 5 459 363 102 122 -1 -1 -1 0 
75 14 1909 506 10 68 -1 -1 -1 0 
75 16 1118 342 219 126 -1 -1 -1 0 
75 22 1747 501 56 64 -1 -1 -1 0 
75 34 174 363 45 36 -1 -1 -1 0 
76 1 1645 756 274 232 -1 -1 -1 0 
76 2 812 425 117 62 -1 -1 -1 0 
76 3 912 570 175 130 -1 -1 -1 0 
76 4 297 385 171 159 -1 -1 -1 0 
76 5 460 363 101 122 -1 -1 -1 0 
76 14 1920 507 -1 68 -1 -1 -1 0 
76 16 1119 342 221 126 -1 -1 -1 0 
76 22 1754 505 61 62 -1 -1 -1 0 
76 34 176 362 43 36 -1 -1 -1 0 
76 35 1569 448 45 46 -1 -1 -1 0 
76 36 865 445 63 40 -1 -1 -1 0 
77 1 1660 762 259 239 -1 -1 -1 0 
77 2 812 425 116 63 -1 -1 -1 0 
77 3 916 576 179 128 -1 -1 -1 0 
77 4 298 379 169 164 -1 -1 -1 0 
77 5 460 365 102 122 -1 -1 -1 0 
77 16 1119 343 224 126 -1 -1 -1 0 
77 22 1763 509 61 60 -1 -1 -1 0 
77 34 177 361 42 36 -1 -1 -1 0 
77 35 1580 448 40 48 -1 -1 -1 0 
77 36 867 443 62 43 -1 -1 -1 0 
78 1 1676 768 243 244 -1 -1 -1 0 
78 2 811 425 119 62 -1 -1 -1 0 
78 3 920 581 183 126 -1 -1 -1 0 
78 4 298 372 169 171 -1 -1 -1 0 
78 5 458 366 110 122 -1 -1 -1 0 
78 16 1120 343 225 126 -1 -1 -1 0 
78 22 1775 510 59 63 -1 -1 -1 0 
78 34 176 363 46 34 -1 -1 -1 0 
78 35 1582 448 46 50 -1 -1 -1 0 
78 36 867 447 65 38 -1 -1 -1 0 
79 1 1691 779 228 244 -1 -1 -1 0 
79 2 822 425 105 62 -1 -1 -1 0 
79 3 926 585 183 127 -1 -1 -1 0 
79 4 297 370 171 172 -1 -1 -1 0 
79 5 459 366 108 122 -1 -1 -1 0 
79 16 1120 343 228 125 -1 -1 -1 0 
79 22 1783 510 61 68 -1 -1 -1 0 
79 34 176 362 47 35 -1 -1 -1 0 
79 35 1588 449 46 50 -1 -1 -1 0 
79 36 872 447 59 39 -1 -1 -1 0 
80 1 1709 786 210 250 -1 -1 -1 0 
80 2 822 425 106 63 -1 -1 -1 0 
80 3 934 585 180 134 -1 -1 -1 0 
80 4 297 363 169 180 -1 -1 -1 0 
80 5 459 366 108 123 -1 -1 -1 0 
80 16 1118 344 238 124 -1 -1 -1 0 
80 22 1790 514 67 66 -1 -1 -1 0 
80 34 177 358 46 39 -1 -1 -1 0 
80 35 1596 448 45 53 -1 -1 -1 0 
80 36 865 443 68 43 -1 -1 -1 0 
81 1 1724 795 195 247 -1 -1 -1 0 
81 2 809 426 126 62 -1 -1 -1 0 
81 3 939 585 183 140 -1 -1 -1 0 
81 4 296 361 172 182 -1 -1 -1 0 
81 5 459 368 106 121 -1 -1 -1 0 
81 16 1118 346 242 122 -1 -1 -1 0 
81 22 1801 518 66 65 -1 -1 -1 0 
81 34 176 360 50 37 -1 -1 -1 0 
81 35 1602 451 45 53 -1 -1 -1 0 
81 36 865 442 69 45 -1 -1 -1 0 
81 38 0 350 56 59 -1 -1 -1 0 
82 1 1738 802 181 228 -1 -1 -1 0 
82 2 824 427 110 62 -1 -1 -1 0 
82 3 943 589 189 140 -1 -1 -1 0 
82 4 295 360 173 183 -1 -1 -1 0 
82 5 458 369 110 121 -1 -1 -1 0 
82 16 1118 346 244 121 -1 -1 -1 0 
82 22 1813 519 62 68 -1 -1 -1 0 
82 34 179 355 46 41 -1 -1 -1 0 
82 35 1609 452 43 54 -1 -1 -1 0 
82 38 0 351 56 58 -1 -1 -1 0 
83 1 1759 812 160 210 -1 -1 -1 0 
83 2 838 427 95 62 -1 -1 -1 0 
83 3 948 593 192 142 -1 -1 -1 0 
83 4 294 362 175 182 -1 -1 -1 0 
83 5 458 370 110 119 -1 -1 -1 0 
83 16 1121 347 241 122 -1 -1 -1 0 
83 22 1821 520 67 70 -1 -1 -1 0 
83 34 179 356 49 40 -1 -1 -1 0 
83 35 1614 458 47 50 -1 -1 -1 0 
83 38 0 350 56 57 -1 -1 -1 0 
84 1 1778 822 141 196 -1 -1 -1 0 
84 2 849 427 85 62 -1 -1 -1 0 
84 3 950 597 199 143 -1 -1 -1 0 
84 4 295 366 175 178 -1 -1 -1 0 
84 5 460 370 107 119 -1 -1 -1 0 
84 16 1120 347 245 122 -1 -1 -1 0 
84 22 1831 523 69 71 -1 -1 -1 0 
84 34 179 358 50 38 -1 -1 -1 0 
84 35 1621 464 48 46 -1 -1 -1 0 
84 38 0 348 55 59 -1 -1 -1 0 
85 1 1799 832 120 186 -1 -1 -1 0 
85 2 851 426 87 64 -1 -1 -1 0 
85 3 958 598 196 148 -1 -1 -1 0 
85 4 296 363 172 181 -1 -1 -1 0 
85 5 460 369 109 123 -1 -1 -1 0 
85 16 1119 348 251 122 -1 -1 -1 0 
85 22 1843 522 67 76 -1 -1 -1 0 
85 34 181 360 48 35 -1 -1 -1 0 
85 35 1628 463 46 49 -1 -1 -1 0 
85 38 0 348 55 58 -1 -1 -1 0 
86 1 1820 846 99 170 -1 -1 -1 0 
86 2 853 427 88 63 -1 -1 -1 0 
86 3 963 606 200 145 -1 -1 -1 0 
86 4 294 373 178 170 -1 -1 -1 0 
86 5 459 369 114 125 -1 -1 -1 0 
86 16 1119 348 255 122 -1 -1 -1 0 
86 22 1855 521 64 79 -1 -1 -1 0 
86 34 183 359 45 36 -1 -1 -1 0 
86 35 1636 467 44 47 -1 -1 -1 0 
86 38 0 347 55 60 -1 -1 -1 0 
87 1 1841 857 78 164 -1 -1 -1 0 
87 2 853 428 89 63 -1 -1 -1 0 
87 3 969 611 202 146 -1 -1 -1 0 
87 4 296 378 174 165 -1 -1 -1 0 
87 5 460 369 110 125 -1 -1 -1 0 
87 16 1120 349 256 121 -1 -1 -1 0 
87 22 1864 530 55 70 -1 -1 -1 0 
87 34 186 357 43 36 -1 -1 -1 0 
87 35 1641 464 46 52 -1 -1 -1 0 
87 38 0 349 56 57 -1 -1 -1 0 
88 1 1863 872 56 159 -1 -1 -1 0 
88 2 854 430 91 60 -1 -1 -1 0 
88 3 977 613 200 152 -1 -1 -1 0 
88 4 298 379 170 164 -1 -1 -1 0 
88 5 460 369 109 125 -1 -1 -1 0 
88 16 1122 350 257 121 -1 -1 -1 0 
88 22 1878 540 41 60 -1 -1 -1 0 
88 34 186 358 45 35 -1 -1 -1 0 
88 35 1649 462 44 55 -1 -1 -1 0 
88 38 0 348 55 57 -1 -1 -1 0 
89 1 1886 886 33 152 -1 -1 -1 0 
89 2 856 430 90 61 -1 -1 -1 0 
89 3 980 619 207 153 -1 -1 -1 0 
89 4 298 381 171 161 -1 -1 -1 0 
89 5 461 370 108 122 -1 -1 -1 0 
89 16 1122 351 260 120 -1 -1 -1 0 
89 22 1892 536 27 68 -1 -1 -1 0 
89 34 188 358 44 35 -1 -1 -1 0 
89 35 1653 465 49 54 -1 -1 -1 0 
89 38 0 348 54 56 -1 -1 -1 0 
89 42 2 327 116 71 -1 -1 -1 0 
90 1 1903 896 16 146 -1 -1 -1 0 
90 2 860 431 86 60 -1 -1 -1 0 
90 3 988 622 208 156 -1 -1 -1 0 
90 4 300 377 167 166 -1 -1 -1 0 
90 5 461 371 112 121 -1 -1 -1 0 
90 16 1126 350 257 123 -1 -1 -1 0 
90 22 1904 534 15 72 -1 -1 -1 0 
90 34 189 357 43 35 -1 -1 -1 0 
90 35 1662 467 45 55 -1 -1 -1 0 
90 42 0 328 115 71 -1 -1 -1 0 
91 2 861 432 88 59 -1 -1 -1 0 
91 3 992 627 214 157 -1 -1 -1 0 
91 4 299 374 169 169 -1 -1 -1 0 
91 5 461 372 111 121 -1 -1 -1 0 
91 16 1127 348 260 128 -1 -1 -1 0 
91 22 1916 536 3 72 -1 -1 -1 0 
91 34 189 356 45 35 -1 -1 -1 0 
91 35 1668 470 48 52 -1 -1 -1 0 
92 2 862 431 88 60 -1 -1 -1 0 
92 3 1000 629 214 163 -1 -1 -1 0 
92 4 297 380 173 163 -1 -1 -1 0 
92 5 460 372 110 119 -1 -1 -1 0 
92 16 1121 349 274 126 -1 -1 -1 0 
92 34 190 356 45 34 -1 -1 -1 0 
92 35 1674 470 48 54 -1 -1 -1 0 
93 2 863 430 88 62 -1 -1 -1 0 
93 3 1005 632 219 167 -1 -1 -1 0 
93 4 298 385 172 157 -1 -1 -1 0 
93 5 461 371 108 122 -1 -1 -1 0 
93 16 1122 347 277 129 -1 -1 -1 0 
93 34 192 356 42 34 -1 -1 -1 0 
93 35 1679 471 49 55 -1 -1 -1 0 
94 2 861 430 91 63 -1 -1 -1 0 
94 3 1012 636 223 169 -1 -1 -1 0 
94 4 299 382 170 161 -1 -1 -1 0 
94 5 461 370 110 123 -1 -1 -1 0 
94 16 1121 346 279 133 -1 -1 -1 0 
94 34 192 357 46 33 -1 -1 -1 0 
94 35 1686 480 53 50 -1 -1 -1 0 
95 2 862 431 92 62 -1 -1 -1 0 
95 3 1017 640 230 171 -1 -1 -1 0 
95 4 300 382 169 161 -1 -1 -1 0 
95 5 462 370 109 124 -1 -1 -1 0 
95 16 1119 345 285 134 -1 -1 -1 0 
95 34 193 357 46 32 -1 -1 -1 0 
95 35 1697 476 47 58 -1 -1 -1 0 
95 42 5 324 119 74 -1 -1 -1 0 
95 45 1120 344 282 136 -1 -1 -1 0 
96 2 863 433 93 60 -1 -1 -1 0 
96 3 1024 646 232 173 -1 -1 -1 0 
96 4 298 385 172 158 -1 -1 -1 0 
96 5 462 371 111 124 -1 -1 -1 0 
96 16 1113 347 296 131 -1 -1 -1 0 
96 34 196 356 43 33 -1 -1 -1 0 
96 35 1701 479 53 57 -1 -1 -1 0 
96 42 5 323 120 75 -1 -1 -1 0 
96 45 1118 347 289 131 -1 -1 -1 0 
97 2 866 434 90 59 -1 -1 -1 0 
97 3 1032 650 231 175 -1 -1 -1 0 
97 4 298 388 172 154 -1 -1 -1 0 
97 5 462 371 112 125 -1 -1 -1 0 
97 16 1108 347 298 133 -1 -1 -1 0 
97 34 197 356 43 32 -1 -1 -1 0 
97 35 1708 484 55 54 -1 -1 -1 0 
97 42 11 325 116 72 -1 -1 -1 0 
97 45 1120 349 289 130 -1 -1 -1 0 
98 2 865 434 93 61 -1 -1 -1 0 
98 3 1037 654 242 179 -1 -1 -1 0 
98 4 300 387 169 156 -1 -1 -1 0 
98 5 463 372 111 124 -1 -1 -1 0 
98 16 1107 347 302 134 -1 -1 -1 0 
98 34 198 353 42 35 -1 -1 -1 0 
98 35 1718 487 49 53 -1 -1 -1 0 
98 42 11 325 117 72 -1 -1 -1 0 
98 45 1119 351 296 130 -1 -1 -1 0 
98 47 458 373 117 122 -1 -1 -1 0 
98 48 301 388 168 159 -1 -1 -1 0 
99 2 863 434 98 59 -1 -1 -1 0 
99 3 1045 660 241 181 -1 -1 -1 0 
99 4 299 386 170 157 -1 -1 -1 0 
99 5 465 372 107 124 -1 -1 -1 0 
99 34 198 353 43 35 -1 -1 -1 0 
99 35 1722 493 56 49 -1 -1 -1 0 
99 42 13 321 118 76 -1 -1 -1 0 
99 45 1115 352 304 131 -1 -1 -1 0 
99 47 463 372 109 123 -1 -1 -1 0 
99 48 301 388 168 159 -1 -1 -1 0 
100 2 865 435 96 60 -1 -1 -1 0 
100 3 1051 666 246 183 -1 -1 -1 0 
100 4 297 389 174 154 -1 -1 -1 0 
100 5 467 373 106 124 -1 -1 -1 0 
100 34 198 352 45 35 -1 -1 -1 0 
100 35 1732 494 52 51 -1 -1 -1 0 
100 42 15 321 119 77 -1 -1 -1 0 
100 45 1114 353 310 131 -1 -1 -1 0 
100 47 463 371 110 124 -1 -1 -1 0 
100 48 301 388 168 159 -1 -1 -1 0 
101 2 867 436 97 60 -1 -1 -1 0 
101 3 1058 670 250 185 -1 -1 -1 0 
101 4 297 389 174 154 -1 -1 -1 0 
101 5 461 372 114 124 -1 -1 -1 0 
101 34 197 357 48 30 -1 -1 -1 0 
101 35 1741 492 49 56 -1 -1 -1 0 
101 42 17 321 112 77 -1 -1 -1 0 
101 45 1137 352 284 133 -1 -1 -1 0 
101 47 460 371 113 124 -1 -1 -1 0 
102 2 869 437 96 62 -1 -1 -1 0 
102 3 1068 674 250 190 -1 -1 -1 0 
102 4 299 393 171 150 -1 -1 -1 0 
102 5 463 375 112 123 -1 -1 -1 0 
102 34 198 355 47 32 -1 -1 -1 0 
102 35 1744 493 56 56 -1 -1 -1 0 
102 42 17 321 114 77 -1 -1 -1 0 
102 45 1136 350 294 135 -1 -1 -1 0 
102 47 463 372 111 126 -1 -1 -1 0 
103 2 868 436 101 64 -1 -1 -1 0 
103 3 1074 678 256 195 -1 -1 -1 0 
103 4 302 394 167 149 -1 -1 -1 0 
103 5 469 378 107 120 -1 -1 -1 0 
103 34 199 353 47 34 -1 -1 -1 0 
103 35 1753 495 54 57 -1 -1 -1 0 
103 42 30 321 97 76 -1 -1 -1 0 
103 45 1151 351 279 135 -1 -1 -1 0 
103 47 466 372 109 126 -1 -1 -1 0 
103 48 306 391 162 155 -1 -1 -1 0 
104 2 870 436 100 65 -1 -1 -1 0 
104 3 1083 681 259 201 -1 -1 -1 0 
104 4 302 395 168 148 -1 -1 -1 0 
104 5 467 375 109 123 -1 -1 -1 0 
104 34 202 354 44 33 -1 -1 -1 0 
104 35 1761 497 54 59 -1 -1 -1 0 
104 42 24 322 109 75 -1 -1 -1 0 
104 45 1155 352 283 135 -1 -1 -1 0 
104 47 466 372 109 127 -1 -1 -1 0 
104 48 307 392 162 155 -1 -1 -1 0 
105 2 871 436 101 66 -1 -1 -1 0 
105 3 1089 689 266 202 -1 -1 -1 0 
105 4 302 394 167 149 -1 -1 -1 0 
105 5 467 372 108 126 -1 -1 -1 0 
105 34 203 352 44 35 -1 -1 -1 0 
105 35 1767 499 57 60 -1 -1 -1 0 
105 42 25 322 109 75 -1 -1 -1 0 
105 45 1160 351 282 137 -1 -1 -1 0 
105 47 465 371 112 127 -1 -1 -1 0 
105 48 307 391 161 156 -1 -1 -1 0 
105 51 436 372 37 41 -1 -1 -1 0 
106 2 876 437 97 66 -1 -1 -1 0 
106 3 1095 692 272 208 -1 -1 -1 0 
106 4 301 394 169 149 -1 -1 -1 0 
106 5 471 376 105 123 -1 -1 -1 0 
106 34 205 351 43 35 -1 -1 -1 0 
106 35 1779 503 55 58 -1 -1 -1 0 
106 45 1163 351 283 137 -1 -1 -1 0 
106 47 470 373 106 127 -1 -1 -1 0 
106 48 308 391 160 156 -1 -1 -1 0 
106 51 437 372 36 40 -1 -1 -1 0 
107 2 879 438 96 67 -1 -1 -1 0 
107 3 1105 700 274 210 -1 -1 -1 0 
107 4 301 394 168 149 -1 -1 -1 0 
107 5 472 375 106 125 -1 -1 -1 0 
107 34 206 351 44 34 -1 -1 -1 0 
107 35 1785 504 59 60 -1 -1 -1 0 
107 45 1165 351 285 138 -1 -1 -1 0 
107 47 471 374 107 126 -1 -1 -1 0 
108 2 882 438 94 68 -1 -1 -1 0 
108 3 1115 707 278 213 -1 -1 -1 0 
108 4 302 395 168 148 -1 -1 -1 0 
108 5 473 376 105 125 -1 -1 -1 0 
108 34 207 351 44 34 -1 -1 -1 0 
108 35 1792 504 59 63 -1 -1 -1 0 
108 45 1166 353 287 137 -1 -1 -1 0 
108 47 470 374 108 127 -1 -1 -1 0 
109 2 883 438 96 70 -1 -1 -1 0 
109 3 1120 715 286 213 -1 -1 -1 0 
109 4 302 395 168 148 -1 -1 -1 0 
109 34 208 351 43 33 -1 -1 -1 0 
109 35 1802 507 60 63 -1 -1 -1 0 
109 45 1175 353 279 139 -1 -1 -1 0 
109 47 470 373 108 128 -1 -1 -1 0 
110 2 884 438 97 71 -1 -1 -1 0 
110 3 1129 722 291 216 -1 -1 -1 0 
110 4 305 397 165 146 -1 -1 -1 0 
110 5 468 376 111 126 -1 -1 -1 0 
110 34 210 350 42 34 -1 -1 -1 0 
110 35 1811 507 60 67 -1 -1 -1 0 
110 45 1177 354 285 138 -1 -1 -1 0 
110 47 467 373 112 129 -1 -1 -1 0 
111 2 885 439 99 72 -1 -1 -1 0 
111 3 1139 730 293 221 -1 -1 -1 0 
111 4 304 397 166 147 -1 -1 -1 0 
111 5 467 375 113 129 -1 -1 -1 0 
111 34 212 350 41 33 -1 -1 -1 0 
111 35 1820 513 63 64 -1 -1 -1 0 
111 42 62 331 73 63 -1 -1 -1 0 
111 45 1175 355 292 138 -1 -1 -1 0 
111 47 463 373 119 129 -1 -1 -1 0 
112 2 888 439 98 73 -1 -1 -1 0 
112 3 1148 736 301 223 -1 -1 -1 0 
112 4 303 395 165 149 -1 -1 -1 0 
112 5 467 375 114 129 -1 -1 -1 0 
112 34 214 350 39 33 -1 -1 -1 0 
112 35 1829 510 64 70 -1 -1 -1 0 
112 42 65 332 71 61 -1 -1 -1 0 
112 45 1176 355 294 139 -1 -1 -1 0 
112 47 465 374 117 129 -1 -1 -1 0 
112 48 307 389 161 158 -1 -1 -1 0 
113 2 890 442 99 70 -1 -1 -1 0 
113 3 1155 743 310 224 -1 -1 -1 0 
113 4 305 393 162 151 -1 -1 -1 0 
113 5 470 375 111 128 -1 -1 -1 0 
113 22 1576 449 40 47 -1 -1 -1 0 
113 34 215 350 40 32 -1 -1 -1 0 
113 35 1836 515 67 68 -1 -1 -1 0 
113 45 1183 354 291 141 -1 -1 -1 0 
113 47 465 374 117 129 -1 -1 -1 0 
113 48 307 389 161 158 -1 -1 -1 0 
114 2 892 440 99 73 -1 -1 -1 0 
114 3 1168 749 308 230 -1 -1 -1 0 
114 4 303 394 166 149 -1 -1 -1 0 
114 5 469 376 112 128 -1 -1 -1 0 
114 22 1562 445 39 46 -1 -1 -1 0 
114 34 215 351 40 30 -1 -1 -1 0 
114 35 1846 518 67 68 -1 -1 -1 0 
114 45 1186 354 293 142 -1 -1 -1 0 
114 47 468 379 112 127 -1 -1 -1 0 
114 48 308 389 160 158 -1 -1 -1 0 
114 51 438 371 40 43 -1 -1 -1 0 
115 2 894 441 99 73 -1 -1 -1 0 
115 3 1175 758 320 228 -1 -1 -1 0 
115 4 303 394 166 149 -1 -1 -1 0 
115 5 470 376 113 129 -1 -1 -1 0 
115 34 216 351 39 30 -1 -1 -1 0 
115 35 1857 520 61 66 -1 -1 -1 0 
115 45 1188 356 296 143 -1 -1 -1 0 
115 47 471 382 110 126 -1 -1 -1 0 
115 51 438 370 41 45 -1 -1 -1 0 
116 2 893 441 103 72 -1 -1 -1 0 
116 3 1190 765 318 237 -1 -1 -1 0 
116 4 304 394 163 149 -1 -1 -1 0 
116 5 470 378 115 128 -1 -1 -1 0 
116 22 1580 451 44 43 -1 -1 -1 0 
116 34 217 351 39 30 -1 -1 -1 0 
116 35 1868 520 51 66 -1 -1 -1 0 
116 45 1193 357 295 143 -1 -1 -1 0 
116 47 468 383 116 125 -1 -1 -1 0 
116 48 307 390 160 157 -1 -1 -1 0 
117 2 894 442 104 70 -1 -1 -1 0 
117 3 1196 773 343 246 -1 -1 -1 0 
117 4 302 394 167 149 -1 -1 -1 0 
117 5 473 378 112 129 -1 -1 -1 0 
117 22 1587 448 44 49 -1 -1 -1 0 
117 34 217 351 40 30 -1 -1 -1 0 
117 35 1878 532 41 55 -1 -1 -1 0 
117 45 1192 358 303 142 -1 -1 -1 0 
117 47 470 381 114 128 -1 -1 -1 0 
117 48 307 390 160 157 -1 -1 -1 0 
118 2 897 443 102 72 -1 -1 -1 0 
118 3 1212 781 334 252 -1 -1 -1 0 
118 4 301 395 168 148 -1 -1 -1 0 
118 5 474 378 111 131 -1 -1 -1 0 
118 22 1592 450 47 47 -1 -1 -1 0 
118 34 218 350 39 30 -1 -1 -1 0 
118 35 1891 536 28 54 -1 -1 -1 0 
118 45 1191 356 309 147 -1 -1 -1 0 
118 47 470 381 114 129 -1 -1 -1 0 
118 48 307 390 159 157 -1 -1 -1 0 
119 2 899 443 102 72 -1 -1 -1 0 
119 3 1221 789 342 257 -1 -1 -1 0 
119 4 301 395 168 148 -1 -1 -1 0 
119 5 475 378 112 132 -1 -1 -1 0 
119 22 1587 448 48 47 -1 -1 -1 0 
119 34 219 350 41 29 -1 -1 -1 0 
119 35 1900 540 19 52 -1 -1 -1 0 
119 45 1195 356 307 149 -1 -1 -1 0 
119 47 474 379 112 133 -1 -1 -1 0 
120 2 899 445 108 69 -1 -1 -1 0 
120 3 1232 796 348 265 -1 -1 -1 0 
120 4 301 395 167 148 -1 -1 -1 0 
120 5 476 378 111 133 -1 -1 -1 0 
120 34 220 349 41 30 -1 -1 -1 0 
120 35 1708 484 45 49 -1 -1 -1 0 
120 45 1199 356 309 150 -1 -1 -1 0 
120 47 477 379 110 133 -1 -1 -1 0 
121 2 904 445 102 70 -1 -1 -1 0 
121 3 1241 805 362 269 -1 -1 -1 0 
121 4 300 395 168 148 -1 -1 -1 0 
121 5 474 376 115 135 -1 -1 -1 0 
121 34 222 348 39 30 -1 -1 -1 0 
121 35 1642 461 45 51 -1 -1 -1 0 
121 45 1199 357 312 151 -1 -1 -1 0 
121 47 472 378 117 135 -1 -1 -1 0 
122 2 907 446 102 70 -1 -1 -1 0 
122 3 1251 813 374 266 -1 -1 -1 0 
122 4 300 395 168 149 -1 -1 -1 0 
122 5 475 376 115 136 -1 -1 -1 0 
122 34 223 348 39 29 -1 -1 -1 0 
122 35 1622 460 49 47 -1 -1 -1 0 
122 45 1198 358 318 153 -1 -1 -1 0 
122 47 472 378 118 136 -1 -1 -1 0 
123 2 909 446 103 71 -1 -1 -1 0 
123 3 1261 824 386 255 -1 -1 -1 0 
123 4 300 395 168 149 -1 -1 -1 0 
123 34 224 348 39 29 -1 -1 -1 0 
123 35 1622 454 46 53 -1 -1 -1 0 
123 45 1203 358 319 153 -1 -1 -1 0 
123 47 477 378 113 137 -1 -1 -1 0 
124 2 911 445 103 74 -1 -1 -1 0 
124 3 1273 834 398 245 -1 -1 -1 0 
124 4 300 395 169 149 -1 -1 -1 0 
124 5 474 378 118 139 -1 -1 -1 0 
124 34 225 345 38 32 -1 -1 -1 0 
124 35 1628 453 45 53 -1 -1 -1 0 
124 45 1210 359 317 153 -1 -1 -1 0 
124 47 476 379 114 138 -1 -1 -1 0 
125 2 912 446 106 74 -1 -1 -1 0 
125 3 1286 843 409 236 -1 -1 -1 0 
125 4 301 395 167 148 -1 -1 -1 0 
125 5 474 378 118 141 -1 -1 -1 0 
125 34 226 345 38 31 -1 -1 -1 0 
125 35 1633 456 49 52 -1 -1 -1 0 
125 45 1217 361 313 153 -1 -1 -1 0 
125 47 476 378 115 140 -1 -1 -1 0 
126 2 910 447 112 74 -1 -1 -1 0 
126 3 1300 854 419 225 -1 -1 -1 0 
126 4 301 395 167 148 -1 -1 -1 0 
126 5 474 379 118 141 -1 -1 -1 0 
126 34 225 345 41 31 -1 -1 -1 0 
126 35 1640 459 50 50 -1 -1 -1 0 
126 45 1220 361 316 153 -1 -1 -1 0 
126 47 472 378 121 141 -1 -1 -1 0 
127 2 918 448 103 74 -1 -1 -1 0 
127 3 1313 865 423 214 -1 -1 -1 0 
127 4 301 394 167 149 -1 -1 -1 0 
127 34 226 344 41 32 -1 -1 -1 0 
127 35 1651 461 47 51 -1 -1 -1 0 
127 45 1221 362 320 154 -1 -1 -1 0 
127 47 474 378 118 142 -1 -1 -1 0 
128 2 920 449 104 74 -1 -1 -1 0 
128 3 1329 875 427 203 -1 -1 -1 0 
128 4 301 394 167 149 -1 -1 -1 0 
128 5 476 375 116 146 -1 -1 -1 0 
128 34 227 343 41 32 -1 -1 -1 0 
128 35 1657 463 51 51 -1 -1 -1 0 
128 45 1228 363 317 154 -1 -1 -1 0 
128 47 473 377 121 144 -1 -1 -1 0 
129 2 924 449 102 75 -1 -1 -1 0 
129 3 1346 886 424 192 -1 -1 -1 0 
129 4 301 394 166 150 -1 -1 -1 0 
129 5 472 374 123 150 -1 -1 -1 0 
129 34 227 344 41 31 -1 -1 -1 0 
129 35 1666 464 48 52 -1 -1 -1 0 
129 45 1229 363 322 156 -1 -1 -1 0 
129 47 475 373 118 150 -1 -1 -1 0 
130 2 925 451 106 74 -1 -1 -1 0 
130 3 1352 898 437 180 -1 -1 -1 0 
130 4 302 393 165 151 -1 -1 -1 0 
130 5 477 375 118 149 -1 -1 -1 0 
130 34 230 344 37 30 -1 -1 -1 0 
130 35 1672 469 52 48 -1 -1 -1 0 
130 45 1231 363 322 156 -1 -1 -1 0 
130 47 476 373 117 151 -1 -1 -1 0 
131 2 927 451 106 75 -1 -1 -1 0 
131 3 1381 910 413 169 -1 -1 -1 0 
131 4 301 394 167 150 -1 -1 -1 0 
131 5 477 377 120 148 -1 -1 -1 0 
131 34 231 343 39 31 -1 -1 -1 0 
131 35 1682 471 49 49 -1 -1 -1 0 
131 45 1243 364 314 155 -1 -1 -1 0 
132 2 929 453 108 74 -1 -1 -1 0 
132 3 1382 925 432 153 -1 -1 -1 0 
132 4 302 394 165 150 -1 -1 -1 0 
132 5 473 377 126 149 -1 -1 -1 0 
132 34 232 343 39 30 -1 -1 -1 0 
132 35 1689 470 51 53 -1 -1 -1 0 
132 45 1247 364 315 158 -1 -1 -1 0 
132 56 78 346 51 39 -1 -1 -1 0 
132 57 437 374 49 57 -1 -1 -1 0 
133 2 932 453 106 75 -1 -1 -1 0 
133 3 1404 939 429 139 -1 -1 -1 0 
133 4 303 393 164 151 -1 -1 -1 0 
133 5 474 377 125 150 -1 -1 -1 0 
133 34 232 344 40 29 -1 -1 -1 0 
133 35 1697 469 50 55 -1 -1 -1 0 
133 45 1248 364 319 157 -1 -1 -1 0 
133 47 470 379 130 147 -1 -1 -1 0 
133 56 80 336 46 48 -1 -1 -1 0 
133 57 436 373 51 51 -1 -1 -1 0 
134 2 935 454 106 75 -1 -1 -1 0 
134 3 1422 951 429 127 -1 -1 -1 0 
134 4 300 392 167 152 -1 -1 -1 0 
134 5 477 376 122 151 -1 -1 -1 0 
134 34 235 342 36 30 -1 -1 -1 0 
134 35 1705 469 51 58 -1 -1 -1 0 
134 45 1249 364 330 160 -1 -1 -1 0 
134 47 470 379 131 148 -1 -1 -1 0 
134 56 81 336 48 48 -1 -1 -1 0 
134 57 438 373 46 45 -1 -1 -1 0 
135 2 937 455 107 76 -1 -1 -1 0 
135 3 1451 965 403 113 -1 -1 -1 0 
135 4 300 392 167 152 -1 -1 -1 0 
135 5 479 375 122 153 -1 -1 -1 0 
135 34 236 342 36 29 -1 -1 -1 0 
135 35 1711 473 55 57 -1 -1 -1 0 
135 45 1250 365 335 159 -1 -1 -1 0 
135 56 81 333 50 50 -1 -1 -1 0 
136 2 940 456 107 78 -1 -1 -1 0 
136 3 1471 978 396 99 -1 -1 -1 0 
136 4 301 391 166 153 -1 -1 -1 0 
136 5 475 375 128 154 -1 -1 -1 0 
136 34 237 341 36 29 -1 -1 -1 0 
136 35 1721 473 52 58 -1 -1 -1 0 
136 45 1253 366 333 161 -1 -1 -1 0 
137 2 945 456 104 80 -1 -1 -1 0 
137 3 1493 994 389 83 -1 -1 -1 0 
137 4 301 392 166 151 -1 -1 -1 0 
137 5 472 375 131 155 -1 -1 -1 0 
137 34 238 341 35 29 -1 -1 -1 0 
137 35 1726 481 60 52 -1 -1 -1 0 
137 45 1252 367 340 161 -1 -1 -1 0 
137 47 473 377 128 153 -1 -1 -1 0 
137 56 87 337 44 46 -1 -1 -1 0 
138 2 947 457 106 80 -1 -1 -1 0 
138 3 1516 1012 380 64 -1 -1 -1 0 
138 4 302 393 165 150 -1 -1 -1 0 
138 5 471 377 134 154 -1 -1 -1 0 
138 34 239 341 34 28 -1 -1 -1 0 
138 35 1737 477 54 59 -1 -1 -1 0 
138 45 1261 368 334 162 -1 -1 -1 0 
138 47 473 377 129 153 -1 -1 -1 0 
138 56 88 339 45 43 -1 -1 -1 0 
138 57 437 370 52 51 -1 -1 -1 0 
139 2 949 457 107 82 -1 -1 -1 0 
139 3 1554 1028 330 51 -1 -1 -1 0 
139 4 302 393 165 150 -1 -1 -1 0 
139 5 466 376 141 156 -1 -1 -1 0 
139 34 239 341 35 27 -1 -1 -1 0 
139 35 1744 475 56 62 -1 -1 -1 0 
139 45 1264 369 337 163 -1 -1 -1 0 
139 56 89 341 45 40 -1 -1 -1 0 
139 57 438 370 51 49 -1 -1 -1 0 
140 2 950 458 112 82 -1 -1 -1 0 
140 3 1610 1042 250 37 -1 -1 -1 0 
140 4 301 393 166 150 -1 -1 -1 0 
140 5 468 379 136 154 -1 -1 -1 0 
140 34 241 341 34 26 -1 -1 -1 0 
140 35 1750 482 61 58 -1 -1 -1 0 
140 45 1273 369 334 165 -1 -1 -1 0 
140 56 90 343 44 38 -1 -1 -1 0 
141 2 952 458 114 84 -1 -1 -1 0 
141 4 301 392 166 151 -1 -1 -1 0 
141 5 468 379 140 156 -1 -1 -1 0 
141 34 241 340 35 27 -1 -1 -1 0 
141 35 1759 486 59 55 -1 -1 -1 0 
141 45 1277 371 339 165 -1 -1 -1 0 
141 56 91 343 45 38 -1 -1 -1 0 
141 57 438 374 49 51 -1 -1 -1 0 
142 2 954 460 114 82 -1 -1 -1 0 
142 4 300 392 167 151 -1 -1 -1 0 
142 5 468 378 141 158 -1 -1 -1 0 
142 34 242 340 34 26 -1 -1 -1 0 
142 35 1768 492 59 50 -1 -1 -1 0 
142 45 1283 371 339 166 -1 -1 -1 0 
142 56 94 338 42 42 -1 -1 -1 0 
142 57 437 374 51 50 -1 -1 -1 0 
143 2 957 461 113 82 -1 -1 -1 0 
143 4 300 392 167 151 -1 -1 -1 0 
143 5 468 378 141 160 -1 -1 -1 0 
143 34 242 340 36 26 -1 -1 -1 0 
143 35 1777 492 57 53 -1 -1 -1 0 
143 45 1285 371 345 167 -1 -1 -1 0 
143 56 95 337 42 43 -1 -1 -1 0 
143 57 438 374 49 51 -1 -1 -1 0 
143 61 618 323 91 151 -1 -1 -1 0 
144 2 958 462 116 83 -1 -1 -1 0 
144 4 300 393 168 149 -1 -1 -1 0 
144 5 471 381 140 157 -1 -1 -1 0 
144 34 243 340 35 26 -1 -1 -1 0 
144 35 1786 493 58 55 -1 -1 -1 0 
144 45 1289 371 346 166 -1 -1 -1 0 
144 56 96 336 43 42 -1 -1 -1 0 
144 57 439 375 48 50 -1 -1 -1 0 
144 61 617 326 92 148 -1 -1 -1 0 
145 2 959 462 119 84 -1 -1 -1 0 
145 4 300 391 167 151 -1 -1 -1 0 
145 5 474 380 137 160 -1 -1 -1 0 
145 34 243 340 35 25 -1 -1 -1 0 
145 35 1793 496 60 56 -1 -1 -1 0 
145 45 1293 371 349 168 -1 -1 -1 0 
145 56 97 335 44 42 -1 -1 -1 0 
145 57 440 375 47 50 -1 -1 -1 0 
145 61 617 328 92 147 -1 -1 -1 0 
146 2 963 463 118 84 -1 -1 -1 0 
146 4 300 391 167 152 -1 -1 -1 0 
146 5 471 379 142 162 -1 -1 -1 0 
146 34 244 338 34 26 -1 -1 -1 0 
146 35 1804 496 58 59 -1 -1 -1 0 
146 45 1297 372 352 168 -1 -1 -1 0 
146 56 100 334 40 43 -1 -1 -1 0 
146 61 618 326 90 149 -1 -1 -1 0 
147 2 969 464 115 85 -1 -1 -1 0 
147 4 300 392 168 151 -1 -1 -1 0 
147 5 468 377 146 165 -1 -1 -1 0 
147 34 245 338 34 26 -1 -1 -1 0 
147 35 1810 498 63 59 -1 -1 -1 0 
147 45 1301 373 354 168 -1 -1 -1 0 
147 56 102 333 40 43 -1 -1 -1 0 
147 61 615 325 94 153 -1 -1 -1 0 
148 2 972 465 115 86 -1 -1 -1 0 
148 4 300 392 168 151 -1 -1 -1 0 
148 5 470 381 146 162 -1 -1 -1 0 
148 34 246 337 35 27 -1 -1 -1 0 
148 35 1819 499 64 60 -1 -1 -1 0 
148 45 1304 374 356 169 -1 -1 -1 0 
148 57 440 374 45 47 -1 -1 -1 0 
148 61 613 325 97 154 -1 -1 -1 0 
149 2 975 466 115 88 -1 -1 -1 0 
149 4 300 393 169 150 -1 -1 -1 0 
149 5 480 382 132 161 -1 -1 -1 0 
149 34 247 336 35 27 -1 -1 -1 0 
149 35 1828 500 64 62 -1 -1 -1 0 
149 45 1309 374 357 170 -1 -1 -1 0 
149 57 442 375 41 47 -1 -1 -1 0 
149 61 614 325 95 152 -1 -1 -1 0 
150 2 975 467 120 88 -1 -1 -1 0 
150 4 300 394 169 149 -1 -1 -1 0 
150 5 471 382 146 163 -1 -1 -1 0 
150 34 249 335 33 28 -1 -1 -1 0 
150 35 1837 499 63 65 -1 -1 -1 0 
150 45 1313 374 362 172 -1 -1 -1 0 
150 57 442 375 41 48 -1 -1 -1 0 
150 61 613 328 98 146 -1 -1 -1 0 
151 2 977 468 122 88 -1 -1 -1 0 
151 4 297 392 171 152 -1 -1 -1 0 
151 5 489 386 126 160 -1 -1 -1 0 
151 34 248 336 35 27 -1 -1 -1 0 
151 35 1846 504 67 62 -1 -1 -1 0 
151 45 1318 375 357 175 -1 -1 -1 0 
151 57 442 375 44 56 -1 -1 -1 0 
151 61 613 328 98 146 -1 -1 -1 0 
152 2 981 470 121 88 -1 -1 -1 0 
152 4 300 378 164 166 -1 -1 -1 0 
152 5 496 389 119 157 -1 -1 -1 0 
152 34 250 335 33 27 -1 -1 -1 0 
152 35 1857 505 61 63 -1 -1 -1 0 
152 45 1321 376 361 175 -1 -1 -1 0 
152 57 443 374 44 65 -1 -1 -1 0 
153 2 986 472 119 87 -1 -1 -1 0 
153 4 297 374 170 170 -1 -1 -1 0 
153 5 496 390 124 157 -1 -1 -1 0 
153 34 250 335 36 27 -1 -1 -1 0 
153 35 1865 507 54 63 -1 -1 -1 0 
153 45 1326 376 358 176 -1 -1 -1 0 
153 57 442 374 45 65 -1 -1 -1 0 
154 2 988 473 123 87 -1 -1 -1 0 
154 4 297 371 171 173 -1 -1 -1 0 
154 5 496 391 126 157 -1 -1 -1 0 
154 34 251 335 35 27 -1 -1 -1 0 
154 45 1331 377 357 177 -1 -1 -1 0 
154 57 442 375 47 62 -1 -1 -1 0 
155 2 992 474 121 88 -1 -1 -1 0 
155 4 294 376 176 169 -1 -1 -1 0 
155 5 495 390 127 158 -1 -1 -1 0 
155 34 252 336 35 26 -1 -1 -1 0 
155 35 1888 510 31 62 -1 -1 -1 0 
155 45 1337 377 358 180 -1 -1 -1 0 
155 57 443 377 46 59 -1 -1 -1 0 
156 2 996 475 121 90 -1 -1 -1 0 
156 4 296 378 173 167 -1 -1 -1 0 
156 5 494 393 131 156 -1 -1 -1 0 
156 34 253 336 34 26 -1 -1 -1 0 
156 35 1896 511 23 62 -1 -1 -1 0 
156 45 1339 379 368 180 -1 -1 -1 0 
156 57 444 378 45 56 -1 -1 -1 0 
157 2 999 476 121 90 -1 -1 -1 0 
157 4 296 379 174 166 -1 -1 -1 0 
157 5 496 394 130 156 -1 -1 -1 0 
157 34 254 335 33 26 -1 -1 -1 0 
157 35 1906 521 13 53 -1 -1 -1 0 
157 45 1344 380 367 181 -1 -1 -1 0 
157 57 444 378 46 57 -1 -1 -1 0 
158 2 1001 477 125 91 -1 -1 -1 0 
158 4 296 378 174 167 -1 -1 -1 0 
158 5 495 394 132 155 -1 -1 -1 0 
158 34 255 334 33 27 -1 -1 -1 0 
158 35 1915 524 4 52 -1 -1 -1 0 
158 45 1345 380 374 181 -1 -1 -1 0 
159 2 1006 478 123 92 -1 -1 -1 0 
159 4 296 378 174 167 -1 -1 -1 0 
159 5 496 391 130 159 -1 -1 -1 0 
159 34 256 334 33 26 -1 -1 -1 0 
159 45 1349 381 376 181 -1 -1 -1 0 
160 2 1008 479 124 92 -1 -1 -1 0 
160 4 297 376 172 169 -1 -1 -1 0 
160 5 498 392 129 159 -1 -1 -1 0 
160 34 257 334 32 26 -1 -1 -1 0 
160 45 1352 381 377 183 -1 -1 -1 0 
160 61 616 324 94 144 -1 -1 -1 0 
161 2 1011 481 126 91 -1 -1 -1 0 
161 4 297 372 172 173 -1 -1 -1 0 
161 5 492 395 139 157 -1 -1 -1 0 
161 34 257 334 32 25 -1 -1 -1 0 
161 45 1354 381 376 183 -1 -1 -1 0 
161 61 617 324 93 143 -1 -1 -1 0 
162 2 1017 482 123 93 -1 -1 -1 0 
162 4 296 373 173 172 -1 -1 -1 0 
162 5 493 405 137 149 -1 -1 -1 0 
162 34 258 333 32 26 -1 -1 -1 0 
162 45 1356 381 385 184 -1 -1 -1 0 
163 2 1022 483 122 94 -1 -1 -1 0 
163 4 296 378 175 167 -1 -1 -1 0 
163 5 500 395 128 161 -1 -1 -1 0 
163 34 235 321 23 22 -1 -1 -1 0 
163 45 1358 381 390 185 -1 -1 -1 0 
163 61 614 322 98 145 -1 -1 -1 0 
164 2 1024 484 126 95 -1 -1 -1 0 
164 4 296 379 174 166 -1 -1 -1 0 
164 5 497 393 135 165 -1 -1 -1 0 
164 34 250 329 31 24 -1 -1 -1 0 
164 45 1368 382 387 186 -1 -1 -1 0 
164 61 612 321 99 149 -1 -1 -1 0 
165 2 1025 485 130 95 -1 -1 -1 0 
165 4 297 382 173 163 -1 -1 -1 0 
165 5 499 395 135 164 -1 -1 -1 0 
165 34 257 332 30 24 -1 -1 -1 0 
165 45 1371 383 392 186 -1 -1 -1 0 
165 61 614 320 97 149 -1 -1 -1 0 
166 2 1030 487 128 94 -1 -1 -1 0 
166 4 297 384 173 161 -1 -1 -1 0 
166 5 499 396 136 166 -1 -1 -1 0 
166 34 260 332 30 26 -1 -1 -1 0 
166 35 1771 489 43 53 -1 -1 -1 0 
166 45 1378 384 390 187 -1 -1 -1 0 
166 61 612 322 99 149 -1 -1 -1 0 
167 2 1034 488 129 95 -1 -1 -1 0 
167 4 298 380 171 165 -1 -1 -1 0 
167 5 496 412 144 150 -1 -1 -1 0 
167 34 261 332 31 25 -1 -1 -1 0 
167 35 1763 487 46 53 -1 -1 -1 0 
167 45 1385 385 388 187 -1 -1 -1 0 
167 61 615 322 96 145 -1 -1 -1 0 
168 2 1037 488 129 97 -1 -1 -1 0 
168 4 296 383 175 162 -1 -1 -1 0 
168 5 500 416 138 147 -1 -1 -1 0 
168 34 261 333 34 24 -1 -1 -1 0 
168 45 1390 385 391 188 -1 -1 -1 0 
168 61 615 321 96 146 -1 -1 -1 0 
169 2 1042 489 128 100 -1 -1 -1 0 
169 4 297 385 173 160 -1 -1 -1 0 
169 5 500 414 137 150 -1 -1 -1 0 
169 34 263 333 32 23 -1 -1 -1 0 
169 45 1391 387 399 188 -1 -1 -1 0 
169 61 616 321 95 144 -1 -1 -1 0 
169 74 129 316 83 53 -1 -1 -1 0 
170 2 1047 490 127 102 -1 -1 -1 0 
170 4 298 386 171 159 -1 -1 -1 0 
170 5 503 401 133 165 -1 -1 -1 0 
170 34 262 334 36 23 -1 -1 -1 0 
170 45 1400 387 394 191 -1 -1 -1 0 
170 61 612 320 99 145 -1 -1 -1 0 
170 74 132 314 81 55 -1 -1 -1 0 
170 76 437 322 80 117 -1 -1 -1 0 
171 2 1050 489 128 105 -1 -1 -1 0 
171 4 298 385 170 160 -1 -1 -1 0 
171 5 499 405 142 163 -1 -1 -1 0 
171 34 264 333 33 24 -1 -1 -1 0 
171 45 1406 387 396 194 -1 -1 -1 0 
171 61 612 320 99 146 -1 -1 -1 0 
171 74 132 312 82 57 -1 -1 -1 0 
171 76 436 322 83 114 -1 -1 -1 0 
172 2 1052 493 133 104 -1 -1 -1 0 
172 4 298 385 170 159 -1 -1 -1 0 
172 5 501 408 141 161 -1 -1 -1 0 
172 34 265 333 31 24 -1 -1 -1 0 
172 35 1802 480 49 69 -1 -1 -1 0 
172 45 1409 386 401 197 -1 -1 -1 0 
172 61 613 322 98 143 -1 -1 -1 0 
172 74 131 312 84 57 -1 -1 -1 0 
172 76 437 324 81 111 -1 -1 -1 0 
173 2 1059 494 130 105 -1 -1 -1 0 
173 4 298 386 171 158 -1 -1 -1 0 
173 5 503 403 138 168 -1 -1 -1 0 
173 34 265 333 30 24 -1 -1 -1 0 
173 35 1810 481 52 71 -1 -1 -1 0 
173 45 1414 387 404 196 -1 -1 -1 0 
173 61 613 322 97 143 -1 -1 -1 0 
173 74 131 314 86 53 -1 -1 -1 0 
173 76 436 324 80 113 -1 -1 -1 0 
173 77 132 314 85 53 -1 -1 -1 0 
174 2 1061 497 131 104 -1 -1 -1 0 
174 4 299 386 169 158 -1 -1 -1 0 
174 5 501 403 144 169 -1 -1 -1 0 
174 34 244 321 25 21 -1 -1 -1 0 
174 35 1818 487 53 67 -1 -1 -1 0 
174 45 1418 387 409 198 -1 -1 -1 0 
174 61 610 322 99 145 -1 -1 -1 0 
174 74 131 315 87 52 -1 -1 -1 0 
174 76 437 324 80 114 -1 -1 -1 0 
174 77 131 314 88 54 -1 -1 -1 0 
174 78 464 420 51 58 -1 -1 -1 0 
175 2 1066 499 131 105 -1 -1 -1 0 
175 4 299 386 170 158 -1 -1 -1 0 
175 5 499 408 149 165 -1 -1 -1 0 
175 34 237 316 21 20 -1 -1 -1 0 
175 35 1819 486 56 69 -1 -1 -1 0 
175 45 1423 387 411 200 -1 -1 -1 0 
175 61 608 322 102 143 -1 -1 -1 0 
175 74 131 315 88 52 -1 -1 -1 0 
175 76 437 325 78 113 -1 -1 -1 0 
175 77 131 314 88 55 -1 -1 -1 0 
175 78 464 421 50 58 -1 -1 -1 0 
176 2 1070 500 132 106 -1 -1 -1 0 
176 4 298 386 172 158 -1 -1 -1 0 
176 5 497 420 155 154 -1 -1 -1 0 
176 34 256 326 27 22 -1 -1 -1 0 
176 45 1427 389 417 200 -1 -1 -1 0 
176 61 609 320 100 145 -1 -1 -1 0 
176 76 438 327 75 111 -1 -1 -1 0 
176 78 463 421 55 58 -1 -1 -1 0 
177 2 1073 503 135 107 -1 -1 -1 0 
177 4 298 386 171 159 -1 -1 -1 0 
177 5 503 414 145 160 -1 -1 -1 0 
177 34 264 330 27 23 -1 -1 -1 0 
177 45 1434 389 416 202 -1 -1 -1 0 
177 61 608 320 102 145 -1 -1 -1 0 
177 76 439 328 71 109 -1 -1 -1 0 
177 78 464 421 53 58 -1 -1 -1 0 
178 2 1076 505 136 107 -1 -1 -1 0 
178 4 298 384 170 161 -1 -1 -1 0 
178 5 502 411 148 165 -1 -1 -1 0 
178 34 267 331 28 24 -1 -1 -1 0 
178 45 1437 390 421 201 -1 -1 -1 0 
178 61 608 320 101 145 -1 -1 -1 0 
178 76 439 328 69 110 -1 -1 -1 0 
178 78 463 421 55 61 -1 -1 -1 0 
179 2 1081 506 134 109 -1 -1 -1 0 
179 4 297 384 172 161 -1 -1 -1 0 
179 5 500 422 155 154 -1 -1 -1 0 
179 34 267 331 32 24 -1 -1 -1 0 
179 45 1442 390 421 205 -1 -1 -1 0 
179 61 607 320 104 145 -1 -1 -1 0 
179 76 439 327 69 111 -1 -1 -1 0 
179 78 463 421 56 61 -1 -1 -1 0 
180 2 1083 508 142 110 -1 -1 -1 0 
180 4 298 382 170 162 -1 -1 -1 0 
180 5 505 431 151 148 -1 -1 -1 0 
180 34 269 331 30 24 -1 -1 -1 0 
180 45 1446 391 426 208 -1 -1 -1 0 
180 61 612 320 98 145 -1 -1 -1 0 
180 76 439 329 67 109 -1 -1 -1 0 
180 78 463 421 56 61 -1 -1 -1 0 
181 2 1087 510 142 110 -1 -1 -1 0 
181 4 299 382 169 162 -1 -1 -1 0 
181 5 510 435 145 146 -1 -1 -1 0 
181 34 270 331 31 24 -1 -1 -1 0 
181 45 1452 393 427 208 -1 -1 -1 0 
181 61 610 320 100 147 -1 -1 -1 0 
181 76 437 327 71 111 -1 -1 -1 0 
181 78 463 421 58 60 -1 -1 -1 0 
182 2 1094 512 139 113 -1 -1 -1 0 
182 4 298 385 172 159 -1 -1 -1 0 
182 5 510 432 147 151 -1 -1 -1 0 
182 34 270 330 31 25 -1 -1 -1 0 
182 45 1456 394 437 209 -1 -1 -1 0 
182 61 612 320 98 145 -1 -1 -1 0 
182 76 439 325 67 112 -1 -1 -1 0 
182 78 464 421 60 60 -1 -1 -1 0 
182 82 0 521 39 68 -1 -1 -1 0 
183 2 1097 514 141 114 -1 -1 -1 0 
183 4 299 386 171 158 -1 -1 -1 0 
183 5 509 432 151 152 -1 -1 -1 0 
183 34 271 330 32 26 -1 -1 -1 0 
183 45 1462 395 441 210 -1 -1 -1 0 
183 61 610 320 101 142 -1 -1 -1 0 
183 74 163 315 60 49 -1 -1 -1 0 
183 76 439 326 65 113 -1 -1 -1 0 
183 78 465 421 59 60 -1 -1 -1 0 
183 82 1 521 39 68 -1 -1 -1 0 
184 2 1100 515 143 116 -1 -1 -1 0 
184 4 299 387 171 157 -1 -1 -1 0 
184 5 510 429 151 156 -1 -1 -1 0 
184 34 245 316 24 21 -1 -1 -1 0 
184 45 1466 396 446 211 -1 -1 -1 0 
184 61 613 320 97 141 -1 -1 -1 0 
184 74 164 317 61 46 -1 -1 -1 0 
184 76 437 326 68 112 -1 -1 -1 0 
184 78 466 421 58 59 -1 -1 -1 0 
185 2 1105 518 144 116 -1 -1 -1 0 
185 4 300 387 170 157 -1 -1 -1 0 
185 5 510 427 153 160 -1 -1 -1 0 
185 34 240 311 20 22 -1 -1 -1 0 
185 45 1470 397 449 211 -1 -1 -1 0 
185 61 609 320 103 139 -1 -1 -1 0 
185 74 163 317 63 46 -1 -1 -1 0 
185 76 437 326 67 112 -1 -1 -1 0 
185 78 465 422 57 58 -1 -1 -1 0 
186 2 1108 520 148 116 -1 -1 -1 0 
186 4 299 388 172 156 -1 -1 -1 0 
186 5 508 433 158 158 -1 -1 -1 0 
186 34 237 308 21 23 -1 -1 -1 0 
186 45 1479 397 440 213 -1 -1 -1 0 
186 61 607 320 104 139 -1 -1 -1 0 
186 74 163 317 64 46 -1 -1 -1 0 
186 78 464 422 64 58 -1 -1 -1 0 
187 2 1116 522 143 117 -1 -1 -1 0 
187 4 299 388 171 156 -1 -1 -1 0 
187 5 510 432 157 161 -1 -1 -1 0 
187 34 236 307 22 23 -1 -1 -1 0 
187 45 1482 397 437 216 -1 -1 -1 0 
187 61 606 320 106 138 -1 -1 -1 0 
187 74 164 316 63 46 -1 -1 -1 0 
187 78 465 423 60 58 -1 -1 -1 0 
188 2 1120 524 144 118 -1 -1 -1 0 
188 4 299 388 171 157 -1 -1 -1 0 
188 5 510 434 159 162 -1 -1 -1 0 
188 34 236 307 23 23 -1 -1 -1 0 
188 45 1488 398 431 217 -1 -1 -1 0 
188 61 607 320 104 137 -1 -1 -1 0 
188 74 164 316 62 46 -1 -1 -1 0 
188 78 465 423 57 58 -1 -1 -1 0 
189 2 1123 528 148 119 -1 -1 -1 0 
189 4 299 389 172 156 -1 -1 -1 0 
189 5 511 441 163 157 -1 -1 -1 0 
189 34 236 307 23 24 -1 -1 -1 0 
189 45 1493 399 426 217 -1 -1 -1 0 
189 61 606 320 105 137 -1 -1 -1 0 
189 74 165 316 61 46 -1 -1 -1 0 
189 76 440 340 62 97 -1 -1 -1 0 
189 78 467 424 56 57 -1 -1 -1 0 
190 2 1127 532 152 119 -1 -1 -1 0 
190 4 300 389 170 156 -1 -1 -1 0 
190 5 514 434 158 165 -1 -1 -1 0 
190 34 236 307 23 24 -1 -1 -1 0 
190 45 1500 399 419 219 -1 -1 -1 0 
190 61 606 320 104 136 -1 -1 -1 0 
190 74 166 315 60 46 -1 -1 -1 0 
190 76 440 342 61 94 -1 -1 -1 0 
190 78 467 425 56 56 -1 -1 -1 0 
191 2 1132 534 153 120 -1 -1 -1 0 
191 4 299 390 171 155 -1 -1 -1 0 
191 5 513 435 162 165 -1 -1 -1 0 
191 34 237 308 23 23 -1 -1 -1 0 
191 45 1506 399 412 223 -1 -1 -1 0 
191 61 606 319 105 137 -1 -1 -1 0 
191 74 166 315 62 46 -1 -1 -1 0 
191 78 466 425 57 56 -1 -1 -1 0 
192 2 1140 535 148 124 -1 -1 -1 0 
192 4 299 387 171 158 -1 -1 -1 0 
192 5 513 434 162 168 -1 -1 -1 0 
192 34 237 308 24 22 -1 -1 -1 0 
192 45 1510 400 409 227 -1 -1 -1 0 
192 61 607 319 103 136 -1 -1 -1 0 
192 74 167 314 62 46 -1 -1 -1 0 
192 78 465 425 57 55 -1 -1 -1 0 
193 2 1144 537 151 126 -1 -1 -1 0 
193 4 299 387 171 158 -1 -1 -1 0 
193 5 513 439 169 162 -1 -1 -1 0 
193 34 238 309 23 20 -1 -1 -1 0 
193 45 1514 401 405 228 -1 -1 -1 0 
193 61 609 319 101 138 -1 -1 -1 0 
193 74 167 312 62 48 -1 -1 -1 0 
193 77 166 311 63 50 -1 -1 -1 0 
193 78 466 425 56 55 -1 -1 -1 0 
194 2 1149 541 153 126 -1 -1 -1 0 
194 4 300 387 170 158 -1 -1 -1 0 
194 5 512 444 172 158 -1 -1 -1 0 
194 34 238 308 22 20 -1 -1 -1 0 
194 45 1520 402 399 230 -1 -1 -1 0 
194 61 607 319 105 137 -1 -1 -1 0 
194 74 167 312 64 48 -1 -1 -1 0 
194 76 439 326 65 114 -1 -1 -1 0 
194 77 168 310 62 50 -1 -1 -1 0 
194 78 467 424 56 56 -1 -1 -1 0 
