3 1 1067 504 150 100 -1 -1 -1 0 
3 2 843 420 47 48 -1 -1 -1 0 
3 3 707 449 97 72 -1 -1 -1 0 
3 4 299 388 170 156 -1 -1 -1 0 
3 5 454 360 96 119 -1 -1 -1 0 
3 6 1621 453 48 55 -1 -1 -1 0 
4 1 1072 507 152 99 -1 -1 -1 0 
4 2 824 418 67 55 -1 -1 -1 0 
4 3 706 450 101 73 -1 -1 -1 0 
4 4 299 388 170 157 -1 -1 -1 0 
4 5 454 360 96 119 -1 -1 -1 0 
4 6 1629 455 45 56 -1 -1 -1 0 
4 9 443 360 105 120 -1 -1 -1 0 
5 1 1079 507 149 102 -1 -1 -1 0 
5 2 818 417 73 57 -1 -1 -1 0 
5 3 706 451 103 73 -1 -1 -1 0 
5 4 299 388 170 157 -1 -1 -1 0 
5 5 454 360 95 119 -1 -1 -1 0 
5 6 1634 457 45 55 -1 -1 -1 0 
5 9 442 361 107 119 -1 -1 -1 0 
6 1 1082 508 152 104 -1 -1 -1 0 
6 2 816 417 74 58 -1 -1 -1 0 
6 3 709 452 100 72 -1 -1 -1 0 
6 4 299 387 170 158 -1 -1 -1 0 
6 5 454 361 95 117 -1 -1 -1 0 
6 6 1643 460 47 54 -1 -1 -1 0 
6 9 443 361 105 119 -1 -1 -1 0 
7 1 1086 509 154 104 -1 -1 -1 0 
7 2 814 416 77 60 -1 -1 -1 0 
7 3 709 453 102 73 -1 -1 -1 0 
7 4 299 387 170 157 -1 -1 -1 0 
7 5 455 362 94 116 -1 -1 -1 0 
7 6 1650 463 46 53 -1 -1 -1 0 
7 9 444 362 105 118 -1 -1 -1 0 
8 1 1093 511 153 105 -1 -1 -1 0 
8 2 815 415 77 60 -1 -1 -1 0 
8 3 711 454 102 73 -1 -1 -1 0 
8 4 299 387 169 157 -1 -1 -1 0 
8 5 455 362 95 116 -1 -1 -1 0 
8 6 1659 469 45 48 -1 -1 -1 0 
8 9 444 362 105 118 -1 -1 -1 0 
8 11 169 330 38 31 -1 -1 -1 0 
9 1 1097 515 156 104 -1 -1 -1 0 
9 2 814 416 80 58 -1 -1 -1 0 
9 3 712 455 103 74 -1 -1 -1 0 
9 4 300 387 169 157 -1 -1 -1 0 
9 5 455 361 95 117 -1 -1 -1 0 
9 6 1666 472 44 46 -1 -1 -1 0 
9 9 444 362 105 118 -1 -1 -1 0 
9 11 169 331 41 29 -1 -1 -1 0 
10 1 1103 515 154 108 -1 -1 -1 0 
10 2 816 417 77 58 -1 -1 -1 0 
10 3 712 456 106 74 -1 -1 -1 0 
10 4 300 387 169 156 -1 -1 -1 0 
10 5 455 361 94 116 -1 -1 -1 0 
10 6 1671 467 46 54 -1 -1 -1 0 
10 9 443 362 106 117 -1 -1 -1 0 
10 11 174 333 37 26 -1 -1 -1 0 
11 1 1106 517 158 109 -1 -1 -1 0 
11 2 815 417 78 56 -1 -1 -1 0 
11 3 712 457 106 74 -1 -1 -1 0 
11 4 301 388 168 155 -1 -1 -1 0 
11 5 455 361 94 116 -1 -1 -1 0 
11 6 1676 466 47 56 -1 -1 -1 0 
11 9 443 363 106 116 -1 -1 -1 0 
11 11 176 333 37 26 -1 -1 -1 0 
12 1 1112 521 158 108 -1 -1 -1 0 
12 2 816 417 77 56 -1 -1 -1 0 
12 3 719 458 100 74 -1 -1 -1 0 
12 4 301 388 168 155 -1 -1 -1 0 
12 5 455 361 94 116 -1 -1 -1 0 
12 6 1686 471 44 53 -1 -1 -1 0 
12 9 443 363 106 116 -1 -1 -1 0 
12 11 175 335 40 23 -1 -1 -1 0 
13 1 1116 523 161 109 -1 -1 -1 0 
13 2 816 417 76 56 -1 -1 -1 0 
13 3 716 461 109 72 -1 -1 -1 0 
13 4 301 388 169 155 -1 -1 -1 0 
13 5 456 361 93 117 -1 -1 -1 0 
13 6 1691 474 48 53 -1 -1 -1 0 
13 9 445 363 104 116 -1 -1 -1 0 
13 11 179 336 36 23 -1 -1 -1 0 
14 1 1121 525 162 109 -1 -1 -1 0 
14 2 817 417 75 55 -1 -1 -1 0 
14 3 717 462 110 72 -1 -1 -1 0 
14 4 301 388 169 155 -1 -1 -1 0 
14 5 455 361 94 117 -1 -1 -1 0 
14 6 1699 478 47 51 -1 -1 -1 0 
14 9 443 363 106 116 -1 -1 -1 0 
14 11 181 337 36 22 -1 -1 -1 0 
15 1 1125 529 166 107 -1 -1 -1 0 
15 2 817 417 76 54 -1 -1 -1 0 
15 3 720 462 108 74 -1 -1 -1 0 
15 4 302 388 167 155 -1 -1 -1 0 
15 5 454 361 95 117 -1 -1 -1 0 
15 6 1707 479 46 52 -1 -1 -1 0 
15 9 443 363 106 116 -1 -1 -1 0 
15 11 183 336 35 22 -1 -1 -1 0 
15 14 1 512 44 77 -1 -1 -1 0 
16 1 1132 531 165 107 -1 -1 -1 0 
16 2 818 416 75 55 -1 -1 -1 0 
16 3 723 463 106 75 -1 -1 -1 0 
16 4 301 388 169 155 -1 -1 -1 0 
16 5 453 361 97 118 -1 -1 -1 0 
16 6 1714 474 44 59 -1 -1 -1 0 
16 9 452 363 97 116 -1 -1 -1 0 
16 11 185 336 34 21 -1 -1 -1 0 
16 14 1 511 44 79 -1 -1 -1 0 
17 1 1138 533 165 109 -1 -1 -1 0 
17 2 819 416 73 55 -1 -1 -1 0 
17 3 726 462 105 77 -1 -1 -1 0 
17 4 301 388 169 155 -1 -1 -1 0 
17 5 452 361 99 118 -1 -1 -1 0 
17 6 1719 479 50 57 -1 -1 -1 0 
17 9 453 363 96 115 -1 -1 -1 0 
17 11 187 334 35 22 -1 -1 -1 0 
17 14 0 511 45 79 -1 -1 -1 0 
18 1 1144 535 164 110 -1 -1 -1 0 
18 2 821 417 72 54 -1 -1 -1 0 
18 3 728 463 109 77 -1 -1 -1 0 
18 4 301 388 168 155 -1 -1 -1 0 
18 5 455 361 94 118 -1 -1 -1 0 
18 6 1727 477 48 60 -1 -1 -1 0 
18 11 189 335 34 21 -1 -1 -1 0 
18 14 0 512 47 78 -1 -1 -1 0 
19 1 1149 536 166 112 -1 -1 -1 0 
19 2 822 417 72 54 -1 -1 -1 0 
19 3 730 465 109 77 -1 -1 -1 0 
19 4 301 388 168 155 -1 -1 -1 0 
19 5 455 361 94 117 -1 -1 -1 0 
19 6 1732 482 54 59 -1 -1 -1 0 
19 11 191 333 31 23 -1 -1 -1 0 
19 14 0 512 47 78 -1 -1 -1 0 
20 1 1152 538 172 114 -1 -1 -1 0 
20 2 824 418 71 53 -1 -1 -1 0 
20 3 730 466 112 77 -1 -1 -1 0 
20 4 301 388 169 155 -1 -1 -1 0 
20 5 455 361 93 117 -1 -1 -1 0 
20 6 1743 483 47 60 -1 -1 -1 0 
20 11 193 333 31 23 -1 -1 -1 0 
20 14 1 512 46 78 -1 -1 -1 0 
21 1 1158 540 173 116 -1 -1 -1 0 
21 2 822 418 74 54 -1 -1 -1 0 
21 3 734 467 109 77 -1 -1 -1 0 
21 4 300 388 170 156 -1 -1 -1 0 
21 5 455 361 93 117 -1 -1 -1 0 
21 6 1746 486 54 58 -1 -1 -1 0 
21 11 195 331 32 24 -1 -1 -1 0 
21 14 0 513 46 77 -1 -1 -1 0 
22 1 1163 541 173 118 -1 -1 -1 0 
22 2 821 418 76 54 -1 -1 -1 0 
22 3 738 468 105 78 -1 -1 -1 0 
22 4 300 388 169 156 -1 -1 -1 0 
22 5 456 362 93 116 -1 -1 -1 0 
22 6 1756 488 52 58 -1 -1 -1 0 
22 11 198 331 29 23 -1 -1 -1 0 
22 14 0 513 46 77 -1 -1 -1 0 
22 17 1514 426 44 52 -1 -1 -1 0 
23 1 1168 544 177 118 -1 -1 -1 0 
23 2 823 418 73 55 -1 -1 -1 0 
23 3 738 469 107 79 -1 -1 -1 0 
23 4 301 388 168 156 -1 -1 -1 0 
23 5 458 364 90 114 -1 -1 -1 0 
23 6 1763 488 51 61 -1 -1 -1 0 
23 11 195 332 36 21 -1 -1 -1 0 
23 14 0 513 46 76 -1 -1 -1 0 
23 17 1520 425 46 56 -1 -1 -1 0 
24 1 1174 546 177 119 -1 -1 -1 0 
24 2 822 417 76 56 -1 -1 -1 0 
24 3 740 470 108 80 -1 -1 -1 0 
24 4 300 388 170 156 -1 -1 -1 0 
24 5 460 371 89 106 -1 -1 -1 0 
24 6 1770 490 52 62 -1 -1 -1 0 
24 11 199 331 31 23 -1 -1 -1 0 
24 14 0 513 46 76 -1 -1 -1 0 
24 17 1526 427 45 54 -1 -1 -1 0 
25 1 1178 548 181 120 -1 -1 -1 0 
25 2 821 418 76 55 -1 -1 -1 0 
25 3 741 471 110 81 -1 -1 -1 0 
25 4 300 388 169 156 -1 -1 -1 0 
25 5 462 374 87 103 -1 -1 -1 0 
25 6 1780 492 49 64 -1 -1 -1 0 
25 11 199 331 34 23 -1 -1 -1 0 
25 14 0 513 45 76 -1 -1 -1 0 
25 17 1532 431 44 51 -1 -1 -1 0 
26 1 1185 551 182 121 -1 -1 -1 0 
26 2 821 418 77 54 -1 -1 -1 0 
26 3 743 472 113 81 -1 -1 -1 0 
26 4 300 388 170 156 -1 -1 -1 0 
26 5 462 375 87 102 -1 -1 -1 0 
26 6 1786 495 53 63 -1 -1 -1 0 
26 11 200 330 35 23 -1 -1 -1 0 
26 14 0 513 44 75 -1 -1 -1 0 
26 17 1539 434 43 49 -1 -1 -1 0 
27 1 1191 553 183 123 -1 -1 -1 0 
27 2 825 418 72 54 -1 -1 -1 0 
27 3 745 475 115 79 -1 -1 -1 0 
27 4 300 389 169 156 -1 -1 -1 0 
27 5 463 379 86 98 -1 -1 -1 0 
27 6 1792 496 55 65 -1 -1 -1 0 
27 11 201 329 36 23 -1 -1 -1 0 
27 14 0 513 44 75 -1 -1 -1 0 
27 17 1545 443 46 44 -1 -1 -1 0 
28 1 1196 556 186 124 -1 -1 -1 0 
28 2 837 419 59 53 -1 -1 -1 0 
28 3 749 474 114 82 -1 -1 -1 0 
28 4 300 389 170 156 -1 -1 -1 0 
28 5 464 380 85 97 -1 -1 -1 0 
28 6 1801 501 57 62 -1 -1 -1 0 
28 11 203 328 37 24 -1 -1 -1 0 
28 14 0 513 44 75 -1 -1 -1 0 
28 17 1551 446 47 44 -1 -1 -1 0 
29 1 1202 559 188 124 -1 -1 -1 0 
29 2 841 419 57 54 -1 -1 -1 0 
29 3 751 474 114 83 -1 -1 -1 0 
29 4 300 390 170 155 -1 -1 -1 0 
29 5 464 376 84 101 -1 -1 -1 0 
29 6 1808 504 57 61 -1 -1 -1 0 
29 11 203 328 39 23 -1 -1 -1 0 
29 14 0 513 44 75 -1 -1 -1 0 
29 17 1560 451 45 41 -1 -1 -1 0 
30 1 1208 560 188 126 -1 -1 -1 0 
30 2 842 420 57 53 -1 -1 -1 0 
30 3 751 477 117 82 -1 -1 -1 0 
30 4 299 390 171 154 -1 -1 -1 0 
30 5 463 374 85 103 -1 -1 -1 0 
30 6 1818 504 55 63 -1 -1 -1 0 
30 11 207 328 34 23 -1 -1 -1 0 
30 14 0 513 44 75 -1 -1 -1 0 
30 17 1564 452 47 42 -1 -1 -1 0 
31 1 1214 564 190 126 -1 -1 -1 0 
31 2 840 418 60 55 -1 -1 -1 0 
31 3 753 478 120 83 -1 -1 -1 0 
31 4 300 390 169 154 -1 -1 -1 0 
31 5 462 369 86 108 -1 -1 -1 0 
31 6 1826 506 57 64 -1 -1 -1 0 
31 11 208 327 35 23 -1 -1 -1 0 
31 14 0 512 44 76 -1 -1 -1 0 
31 17 1571 448 46 47 -1 -1 -1 0 
32 1 1219 566 192 128 -1 -1 -1 0 
32 2 843 419 57 54 -1 -1 -1 0 
32 3 756 480 120 83 -1 -1 -1 0 
32 4 300 390 169 154 -1 -1 -1 0 
32 5 461 367 88 110 -1 -1 -1 0 
32 6 1834 508 57 64 -1 -1 -1 0 
32 11 208 327 36 23 -1 -1 -1 0 
32 14 0 512 44 76 -1 -1 -1 0 
32 17 1576 446 47 50 -1 -1 -1 0 
33 1 1224 568 196 130 -1 -1 -1 0 
33 2 844 426 57 47 -1 -1 -1 0 
33 3 758 481 121 84 -1 -1 -1 0 
33 4 300 388 169 155 -1 -1 -1 0 
33 5 461 366 89 111 -1 -1 -1 0 
33 6 1841 508 57 67 -1 -1 -1 0 
33 11 209 327 35 23 -1 -1 -1 0 
33 14 0 512 44 76 -1 -1 -1 0 
33 17 1582 451 48 47 -1 -1 -1 0 
34 1 1229 571 200 130 -1 -1 -1 0 
34 2 846 430 55 42 -1 -1 -1 0 
34 3 760 484 121 82 -1 -1 -1 0 
34 4 300 388 169 155 -1 -1 -1 0 
34 5 461 366 88 112 -1 -1 -1 0 
34 6 1850 510 57 69 -1 -1 -1 0 
34 11 211 327 34 23 -1 -1 -1 0 
34 14 0 513 44 75 -1 -1 -1 0 
34 17 1589 450 45 50 -1 -1 -1 0 
35 1 1237 573 201 132 -1 -1 -1 0 
35 2 847 431 54 41 -1 -1 -1 0 
35 3 763 483 119 85 -1 -1 -1 0 
35 4 299 386 170 157 -1 -1 -1 0 
35 5 463 368 87 109 -1 -1 -1 0 
35 6 1860 508 55 74 -1 -1 -1 0 
35 11 212 324 34 26 -1 -1 -1 0 
35 14 0 513 43 74 -1 -1 -1 0 
35 17 1594 451 48 50 -1 -1 -1 0 
36 1 1245 577 199 133 -1 -1 -1 0 
36 2 846 426 54 47 -1 -1 -1 0 
36 3 764 485 124 85 -1 -1 -1 0 
36 4 299 387 170 157 -1 -1 -1 0 
36 5 464 369 85 108 -1 -1 -1 0 
36 6 1866 509 53 73 -1 -1 -1 0 
36 11 213 323 35 26 -1 -1 -1 0 
36 14 0 513 43 74 -1 -1 -1 0 
36 17 1601 450 46 53 -1 -1 -1 0 
37 1 1251 580 202 135 -1 -1 -1 0 
37 2 845 428 56 44 -1 -1 -1 0 
37 3 767 486 124 86 -1 -1 -1 0 
37 4 299 387 171 157 -1 -1 -1 0 
37 5 464 367 85 110 -1 -1 -1 0 
37 6 1876 512 43 71 -1 -1 -1 0 
37 11 215 324 33 25 -1 -1 -1 0 
37 17 1606 451 49 54 -1 -1 -1 0 
38 1 1258 583 204 137 -1 -1 -1 0 
38 2 845 428 56 44 -1 -1 -1 0 
38 3 771 488 122 86 -1 -1 -1 0 
38 4 299 387 171 157 -1 -1 -1 0 
38 5 463 368 87 109 -1 -1 -1 0 
38 6 1886 505 33 80 -1 -1 -1 0 
38 11 216 321 33 28 -1 -1 -1 0 
38 17 1614 451 48 56 -1 -1 -1 0 
39 1 1265 587 206 137 -1 -1 -1 0 
39 2 845 427 56 45 -1 -1 -1 0 
39 3 774 489 122 86 -1 -1 -1 0 
39 4 300 389 170 155 -1 -1 -1 0 
39 5 466 378 85 100 -1 -1 -1 0 
39 6 1895 508 24 79 -1 -1 -1 0 
39 11 216 321 35 27 -1 -1 -1 0 
39 14 0 511 43 76 -1 -1 -1 0 
39 17 1620 453 49 56 -1 -1 -1 0 
40 1 1271 590 211 137 -1 -1 -1 0 
40 2 843 424 59 49 -1 -1 -1 0 
40 3 778 490 121 89 -1 -1 -1 0 
40 4 301 389 168 154 -1 -1 -1 0 
40 5 467 384 83 94 -1 -1 -1 0 
40 6 1905 512 14 77 -1 -1 -1 0 
40 11 216 321 35 27 -1 -1 -1 0 
40 14 0 511 43 76 -1 -1 -1 0 
40 17 1625 454 51 57 -1 -1 -1 0 
41 1 1278 593 213 137 -1 -1 -1 0 
41 2 825 421 80 52 -1 -1 -1 0 
41 3 779 491 125 90 -1 -1 -1 0 
41 4 301 389 168 154 -1 -1 -1 0 
41 5 469 385 81 93 -1 -1 -1 0 
41 6 1915 513 4 78 -1 -1 -1 0 
41 11 216 322 36 26 -1 -1 -1 0 
41 17 1633 459 51 53 -1 -1 -1 0 
41 19 1031 338 218 105 -1 -1 -1 0 
42 1 1287 596 212 140 -1 -1 -1 0 
42 2 821 418 81 55 -1 -1 -1 0 
42 3 783 491 123 91 -1 -1 -1 0 
42 4 300 389 170 154 -1 -1 -1 0 
42 5 470 385 79 94 -1 -1 -1 0 
42 11 216 321 38 27 -1 -1 -1 0 
42 17 1639 460 53 52 -1 -1 -1 0 
42 19 1037 340 213 103 -1 -1 -1 0 
43 1 1294 598 216 142 -1 -1 -1 0 
43 2 819 418 84 56 -1 -1 -1 0 
43 3 785 493 125 93 -1 -1 -1 0 
43 4 299 389 171 154 -1 -1 -1 0 
43 5 470 388 81 91 -1 -1 -1 0 
43 17 1647 460 50 54 -1 -1 -1 0 
43 19 1049 340 202 102 -1 -1 -1 0 
44 1 1301 602 219 143 -1 -1 -1 0 
44 2 816 417 88 55 -1 -1 -1 0 
44 3 786 495 128 93 -1 -1 -1 0 
44 4 300 389 169 154 -1 -1 -1 0 
44 5 469 383 80 95 -1 -1 -1 0 
44 11 222 319 33 26 -1 -1 -1 0 
44 17 1654 458 49 58 -1 -1 -1 0 
44 19 1055 338 197 104 -1 -1 -1 0 
45 1 1309 607 221 143 -1 -1 -1 0 
45 2 815 417 88 56 -1 -1 -1 0 
45 3 789 497 129 93 -1 -1 -1 0 
45 4 299 390 171 153 -1 -1 -1 0 
45 5 466 374 83 104 -1 -1 -1 0 
45 11 224 320 31 25 -1 -1 -1 0 
45 17 1659 461 54 56 -1 -1 -1 0 
45 19 1042 339 219 104 -1 -1 -1 0 
46 1 1316 610 223 144 -1 -1 -1 0 
46 2 817 418 89 55 -1 -1 -1 0 
46 3 792 500 131 93 -1 -1 -1 0 
46 4 299 390 172 153 -1 -1 -1 0 
46 5 462 367 87 110 -1 -1 -1 0 
46 11 224 321 32 24 -1 -1 -1 0 
46 14 0 512 42 78 -1 -1 -1 0 
46 17 1667 463 52 56 -1 -1 -1 0 
46 19 1046 339 215 104 -1 -1 -1 0 
46 25 1537 450 48 51 -1 -1 -1 0 
47 1 1324 614 225 147 -1 -1 -1 0 
47 2 816 418 90 56 -1 -1 -1 0 
47 3 796 500 129 95 -1 -1 -1 0 
47 4 299 390 171 153 -1 -1 -1 0 
47 5 462 373 90 105 -1 -1 -1 0 
47 11 226 321 31 23 -1 -1 -1 0 
47 14 0 512 42 79 -1 -1 -1 0 
47 17 1673 465 53 55 -1 -1 -1 0 
47 19 1048 340 214 102 -1 -1 -1 0 
47 25 1543 451 49 53 -1 -1 -1 0 
48 1 1332 615 228 151 -1 -1 -1 0 
48 2 815 418 91 58 -1 -1 -1 0 
48 3 796 502 136 97 -1 -1 -1 0 
48 4 299 391 170 152 -1 -1 -1 0 
48 5 465 375 86 104 -1 -1 -1 0 
48 11 226 320 32 24 -1 -1 -1 0 
48 17 1681 469 53 53 -1 -1 -1 0 
48 19 1085 340 177 102 -1 -1 -1 0 
48 25 1550 454 49 51 -1 -1 -1 0 
48 27 0 347 54 64 -1 -1 -1 0 
49 1 1340 618 233 154 -1 -1 -1 0 
49 2 815 418 91 58 -1 -1 -1 0 
49 3 799 504 138 97 -1 -1 -1 0 
49 4 300 391 169 152 -1 -1 -1 0 
49 5 464 375 88 104 -1 -1 -1 0 
49 11 228 320 31 23 -1 -1 -1 0 
49 14 0 513 43 77 -1 -1 -1 0 
49 17 1687 469 55 55 -1 -1 -1 0 
49 19 1079 341 188 108 -1 -1 -1 0 
49 25 1559 457 45 48 -1 -1 -1 0 
49 27 0 347 55 63 -1 -1 -1 0 
50 1 1347 622 238 154 -1 -1 -1 0 
50 2 816 418 91 59 -1 -1 -1 0 
50 3 805 505 132 99 -1 -1 -1 0 
50 4 300 391 169 152 -1 -1 -1 0 
50 5 463 375 90 104 -1 -1 -1 0 
50 11 230 319 30 24 -1 -1 -1 0 
50 14 0 513 42 77 -1 -1 -1 0 
50 17 1695 471 54 56 -1 -1 -1 0 
50 19 1107 343 158 105 -1 -1 -1 0 
50 25 1565 457 45 49 -1 -1 -1 0 
50 27 1 347 53 63 -1 -1 -1 0 
51 1 1357 625 238 156 -1 -1 -1 0 
51 2 826 418 80 61 -1 -1 -1 0 
51 3 806 509 138 97 -1 -1 -1 0 
51 4 295 391 175 153 -1 -1 -1 0 
51 5 451 358 103 123 -1 -1 -1 0 
51 11 231 319 30 24 -1 -1 -1 0 
51 14 0 514 42 73 -1 -1 -1 0 
51 17 1701 472 55 57 -1 -1 -1 0 
51 19 1116 344 154 111 -1 -1 -1 0 
51 25 1661 467 52 55 -1 -1 -1 0 
51 27 1 348 54 62 -1 -1 -1 0 
52 1 1366 628 241 160 -1 -1 -1 0 
52 2 840 420 67 58 -1 -1 -1 0 
52 3 810 511 137 98 -1 -1 -1 0 
52 4 296 393 173 151 -1 -1 -1 0 
52 5 452 359 107 120 -1 -1 -1 0 
52 11 230 320 33 23 -1 -1 -1 0 
52 14 0 514 42 73 -1 -1 -1 0 
52 17 1607 466 51 47 -1 -1 -1 0 
52 19 1123 345 150 111 -1 -1 -1 0 
52 25 1701 472 55 58 -1 -1 -1 0 
53 1 1373 633 246 160 -1 -1 -1 0 
53 2 820 420 93 60 -1 -1 -1 0 
53 3 815 512 137 100 -1 -1 -1 0 
53 4 297 394 172 150 -1 -1 -1 0 
53 5 453 359 109 120 -1 -1 -1 0 
53 11 233 320 29 22 -1 -1 -1 0 
53 17 1593 460 44 52 -1 -1 -1 0 
53 19 1104 344 175 116 -1 -1 -1 0 
53 25 1719 471 57 62 -1 -1 -1 0 
54 1 1383 636 248 164 -1 -1 -1 0 
54 2 828 419 81 61 -1 -1 -1 0 
54 3 817 513 141 102 -1 -1 -1 0 
54 4 298 394 170 150 -1 -1 -1 0 
54 5 455 359 107 118 -1 -1 -1 0 
54 11 232 319 32 23 -1 -1 -1 0 
54 17 1679 468 55 60 -1 -1 -1 0 
54 19 1090 344 193 118 -1 -1 -1 0 
54 25 1641 465 56 56 -1 -1 -1 0 
55 1 1391 640 253 165 -1 -1 -1 0 
55 2 840 421 68 58 -1 -1 -1 0 
55 3 822 515 139 103 -1 -1 -1 0 
55 4 297 394 171 150 -1 -1 -1 0 
55 5 454 360 111 117 -1 -1 -1 0 
55 11 232 318 32 23 -1 -1 -1 0 
55 17 1713 474 62 61 -1 -1 -1 0 
55 19 1062 344 228 116 -1 -1 -1 0 
55 25 1615 466 52 50 -1 -1 -1 0 
56 1 1402 644 254 170 -1 -1 -1 0 
56 2 846 423 64 56 -1 -1 -1 0 
56 3 825 518 142 103 -1 -1 -1 0 
56 4 298 393 171 151 -1 -1 -1 0 
56 5 455 359 109 118 -1 -1 -1 0 
56 11 236 318 30 23 -1 -1 -1 0 
56 17 1734 472 57 67 -1 -1 -1 0 
56 19 1105 346 178 109 -1 -1 -1 0 
56 25 1612 467 47 49 -1 -1 -1 0 
57 1 1410 649 259 172 -1 -1 -1 0 
57 2 848 425 64 54 -1 -1 -1 0 
57 3 830 520 139 104 -1 -1 -1 0 
57 4 298 388 170 155 -1 -1 -1 0 
57 5 456 358 108 119 -1 -1 -1 0 
57 11 237 317 30 23 -1 -1 -1 0 
57 17 1743 475 62 65 -1 -1 -1 0 
57 19 1118 347 170 106 -1 -1 -1 0 
57 25 1615 469 45 49 -1 -1 -1 0 
58 1 1419 654 265 173 -1 -1 -1 0 
58 2 849 426 63 54 -1 -1 -1 0 
58 3 832 521 143 106 -1 -1 -1 0 
58 4 298 386 170 157 -1 -1 -1 0 
58 5 458 359 103 118 -1 -1 -1 0 
58 11 241 316 27 23 -1 -1 -1 0 
58 17 1753 482 63 61 -1 -1 -1 0 
58 19 1121 348 170 104 -1 -1 -1 0 
58 25 1618 468 49 52 -1 -1 -1 0 
59 1 1431 658 265 176 -1 -1 -1 0 
59 2 848 427 64 53 -1 -1 -1 0 
59 3 835 523 147 108 -1 -1 -1 0 
59 4 297 384 171 159 -1 -1 -1 0 
59 5 457 358 107 120 -1 -1 -1 0 
59 11 242 315 28 23 -1 -1 -1 0 
59 17 1763 484 62 61 -1 -1 -1 0 
59 19 1125 347 169 106 -1 -1 -1 0 
59 25 1624 470 47 51 -1 -1 -1 0 
60 1 1441 663 270 178 -1 -1 -1 0 
60 2 823 423 93 59 -1 -1 -1 0 
60 3 840 525 147 110 -1 -1 -1 0 
60 4 297 383 171 160 -1 -1 -1 0 
60 5 459 358 103 120 -1 -1 -1 0 
60 11 242 315 28 22 -1 -1 -1 0 
60 17 1771 493 66 55 -1 -1 -1 0 
60 19 1125 347 172 107 -1 -1 -1 0 
60 25 1632 472 46 51 -1 -1 -1 0 
60 27 0 346 58 66 -1 -1 -1 0 
61 1 1453 667 272 182 -1 -1 -1 0 
61 2 819 422 95 61 -1 -1 -1 0 
61 3 843 527 151 110 -1 -1 -1 0 
61 4 297 379 171 164 -1 -1 -1 0 
61 5 459 358 100 120 -1 -1 -1 0 
61 11 244 314 26 22 -1 -1 -1 0 
61 17 1782 489 60 62 -1 -1 -1 0 
61 19 1115 345 185 109 -1 -1 -1 0 
61 25 1638 473 49 53 -1 -1 -1 0 
61 27 0 345 58 68 -1 -1 -1 0 
62 1 1462 671 278 186 -1 -1 -1 0 
62 2 814 421 101 62 -1 -1 -1 0 
62 3 848 531 150 111 -1 -1 -1 0 
62 4 296 378 173 164 -1 -1 -1 0 
62 5 460 358 98 122 -1 -1 -1 0 
62 11 245 314 25 23 -1 -1 -1 0 
62 17 1788 492 64 61 -1 -1 -1 0 
62 19 1095 346 209 110 -1 -1 -1 0 
62 25 1645 474 48 56 -1 -1 -1 0 
63 1 1472 677 285 187 -1 -1 -1 0 
63 2 812 421 104 62 -1 -1 -1 0 
63 3 852 534 153 111 -1 -1 -1 0 
63 4 297 376 171 166 -1 -1 -1 0 
63 5 459 358 100 123 -1 -1 -1 0 
63 11 245 314 26 23 -1 -1 -1 0 
63 17 1798 492 65 65 -1 -1 -1 0 
63 19 1095 344 208 114 -1 -1 -1 0 
63 25 1651 477 51 56 -1 -1 -1 0 
64 1 1483 683 289 190 -1 -1 -1 0 
64 2 814 421 102 62 -1 -1 -1 0 
64 3 857 536 153 112 -1 -1 -1 0 
64 4 296 375 173 167 -1 -1 -1 0 
64 5 458 359 99 122 -1 -1 -1 0 
64 11 244 313 29 24 -1 -1 -1 0 
64 17 1807 492 64 67 -1 -1 -1 0 
64 19 1082 342 228 116 -1 -1 -1 0 
64 25 1658 483 53 52 -1 -1 -1 0 
65 1 1495 687 292 194 -1 -1 -1 0 
65 2 820 422 95 62 -1 -1 -1 0 
65 3 862 538 154 114 -1 -1 -1 0 
65 4 297 374 171 168 -1 -1 -1 0 
65 5 457 360 102 120 -1 -1 -1 0 
65 11 245 313 28 23 -1 -1 -1 0 
65 17 1814 494 68 66 -1 -1 -1 0 
65 19 1111 343 196 116 -1 -1 -1 0 
65 25 1666 484 53 51 -1 -1 -1 0 
65 37 172 368 39 35 -1 -1 -1 0 
66 1 1505 694 300 194 -1 -1 -1 0 
66 2 830 422 86 61 -1 -1 -1 0 
66 3 866 540 157 116 -1 -1 -1 0 
66 4 296 375 173 167 -1 -1 -1 0 
66 5 457 362 104 119 -1 -1 -1 0 
66 11 247 313 26 23 -1 -1 -1 0 
66 17 1824 496 66 67 -1 -1 -1 0 
66 19 1115 344 198 114 -1 -1 -1 0 
66 25 1673 487 53 50 -1 -1 -1 0 
66 37 172 367 40 36 -1 -1 -1 0 
67 1 1517 701 305 197 -1 -1 -1 0 
67 2 829 422 90 61 -1 -1 -1 0 
67 3 868 544 162 116 -1 -1 -1 0 
67 4 296 376 173 166 -1 -1 -1 0 
67 5 457 363 104 119 -1 -1 -1 0 
67 11 247 313 26 23 -1 -1 -1 0 
67 17 1833 496 65 70 -1 -1 -1 0 
67 19 1120 344 194 116 -1 -1 -1 0 
67 25 1682 488 52 52 -1 -1 -1 0 
67 37 173 368 38 34 -1 -1 -1 0 
68 1 1530 707 308 199 -1 -1 -1 0 
68 2 832 423 89 60 -1 -1 -1 0 
68 3 874 545 159 120 -1 -1 -1 0 
68 4 297 374 170 169 -1 -1 -1 0 
68 5 455 363 106 120 -1 -1 -1 0 
68 11 250 312 28 21 -1 -1 -1 0 
68 17 1841 502 69 66 -1 -1 -1 0 
68 19 1120 344 199 116 -1 -1 -1 0 
68 25 1688 489 54 53 -1 -1 -1 0 
68 37 173 367 40 34 -1 -1 -1 0 
69 1 1543 710 312 205 -1 -1 -1 0 
69 2 834 425 88 58 -1 -1 -1 0 
69 3 878 545 163 124 -1 -1 -1 0 
69 4 295 377 175 166 -1 -1 -1 0 
69 5 455 366 108 119 -1 -1 -1 0 
69 11 252 311 27 22 -1 -1 -1 0 
69 17 1854 485 58 84 -1 -1 -1 0 
69 19 1121 346 202 118 -1 -1 -1 0 
69 25 1695 491 56 54 -1 -1 -1 0 
69 37 174 366 40 34 -1 -1 -1 0 
70 1 1555 716 320 208 -1 -1 -1 0 
70 2 821 426 105 59 -1 -1 -1 0 
70 3 881 547 167 126 -1 -1 -1 0 
70 4 296 383 174 160 -1 -1 -1 0 
70 5 454 366 108 117 -1 -1 -1 0 
70 11 252 312 28 20 -1 -1 -1 0 
70 17 1857 491 62 80 -1 -1 -1 0 
70 19 1122 346 205 119 -1 -1 -1 0 
70 25 1707 493 51 56 -1 -1 -1 0 
70 37 174 365 41 35 -1 -1 -1 0 
71 1 1569 723 326 211 -1 -1 -1 0 
71 2 839 426 83 59 -1 -1 -1 0 
71 3 886 549 167 128 -1 -1 -1 0 
71 4 297 384 172 159 -1 -1 -1 0 
71 5 455 366 109 116 -1 -1 -1 0 
71 11 252 312 27 20 -1 -1 -1 0 
71 17 1865 506 54 64 -1 -1 -1 0 
71 19 1115 344 213 119 -1 -1 -1 0 
71 25 1714 494 54 60 -1 -1 -1 0 
71 37 174 366 42 34 -1 -1 -1 0 
72 1 1584 728 329 216 -1 -1 -1 0 
72 2 821 425 107 61 -1 -1 -1 0 
72 3 892 551 167 130 -1 -1 -1 0 
72 4 297 384 171 160 -1 -1 -1 0 
72 5 457 366 104 118 -1 -1 -1 0 
72 11 252 311 26 21 -1 -1 -1 0 
72 17 1879 512 40 58 -1 -1 -1 0 
72 19 1112 344 218 121 -1 -1 -1 0 
72 25 1721 495 56 61 -1 -1 -1 0 
72 37 175 366 42 33 -1 -1 -1 0 
73 1 1599 735 320 219 -1 -1 -1 0 
73 2 816 425 114 62 -1 -1 -1 0 
73 3 895 555 172 131 -1 -1 -1 0 
73 4 297 386 172 158 -1 -1 -1 0 
73 5 457 364 103 121 -1 -1 -1 0 
73 11 253 311 25 21 -1 -1 -1 0 
73 17 1891 505 28 68 -1 -1 -1 0 
73 19 1118 343 211 124 -1 -1 -1 0 
73 25 1729 499 59 60 -1 -1 -1 0 
73 37 176 362 40 37 -1 -1 -1 0 
74 1 1614 743 305 222 -1 -1 -1 0 
74 2 813 425 116 62 -1 -1 -1 0 
74 3 901 561 173 130 -1 -1 -1 0 
74 4 297 387 172 157 -1 -1 -1 0 
74 5 458 364 102 121 -1 -1 -1 0 
74 11 253 310 27 22 -1 -1 -1 0 
74 17 1900 506 19 68 -1 -1 -1 0 
74 19 1119 343 213 126 -1 -1 -1 0 
74 25 1738 499 57 62 -1 -1 -1 0 
74 37 175 362 43 37 -1 -1 -1 0 
75 1 1629 750 290 226 -1 -1 -1 0 
75 2 814 425 113 61 -1 -1 -1 0 
75 3 906 566 173 130 -1 -1 -1 0 
75 4 297 386 171 158 -1 -1 -1 0 
75 5 459 363 102 122 -1 -1 -1 0 
75 11 253 310 27 22 -1 -1 -1 0 
75 17 1909 506 10 68 -1 -1 -1 0 
75 19 1118 342 219 126 -1 -1 -1 0 
75 25 1747 501 56 64 -1 -1 -1 0 
75 37 174 362 46 37 -1 -1 -1 0 
76 1 1645 756 274 232 -1 -1 -1 0 
76 2 812 425 117 62 -1 -1 -1 0 
76 3 912 570 175 130 -1 -1 -1 0 
76 4 297 385 171 159 -1 -1 -1 0 
76 5 460 363 101 122 -1 -1 -1 0 
76 11 253 310 29 20 -1 -1 -1 0 
76 17 1920 507 -1 68 -1 -1 -1 0 
76 19 1119 342 221 126 -1 -1 -1 0 
76 25 1754 505 61 62 -1 -1 -1 0 
76 37 176 361 43 37 -1 -1 -1 0 
76 39 865 445 63 40 -1 -1 -1 0 
76 40 1569 448 45 46 -1 -1 -1 0 
77 1 1660 762 259 239 -1 -1 -1 0 
77 2 812 425 116 63 -1 -1 -1 0 
77 3 916 576 179 128 -1 -1 -1 0 
77 4 298 379 169 164 -1 -1 -1 0 
77 5 460 365 102 122 -1 -1 -1 0 
77 11 255 309 28 21 -1 -1 -1 0 
77 19 1119 343 224 126 -1 -1 -1 0 
77 25 1763 509 61 60 -1 -1 -1 0 
77 37 177 361 43 36 -1 -1 -1 0 
77 39 867 443 62 43 -1 -1 -1 0 
77 40 1580 448 40 48 -1 -1 -1 0 
78 1 1676 768 243 244 -1 -1 -1 0 
78 2 811 425 119 62 -1 -1 -1 0 
78 3 920 581 183 126 -1 -1 -1 0 
78 4 298 372 169 171 -1 -1 -1 0 
78 5 458 366 110 122 -1 -1 -1 0 
78 11 257 309 26 20 -1 -1 -1 0 
78 19 1120 343 225 126 -1 -1 -1 0 
78 25 1775 510 59 63 -1 -1 -1 0 
78 37 176 362 46 35 -1 -1 -1 0 
78 39 867 447 65 38 -1 -1 -1 0 
78 40 1582 448 46 50 -1 -1 -1 0 
79 1 1691 779 228 244 -1 -1 -1 0 
79 2 822 425 105 62 -1 -1 -1 0 
79 3 926 585 183 127 -1 -1 -1 0 
79 4 297 370 171 172 -1 -1 -1 0 
79 5 459 366 108 122 -1 -1 -1 0 
79 11 257 309 27 21 -1 -1 -1 0 
79 19 1120 343 228 125 -1 -1 -1 0 
79 25 1783 510 61 68 -1 -1 -1 0 
79 37 176 362 47 35 -1 -1 -1 0 
79 39 872 447 59 39 -1 -1 -1 0 
79 40 1588 449 46 50 -1 -1 -1 0 
80 1 1709 786 210 250 -1 -1 -1 0 
80 2 822 425 106 63 -1 -1 -1 0 
80 3 934 585 180 134 -1 -1 -1 0 
80 4 297 363 169 180 -1 -1 -1 0 
80 5 459 366 108 123 -1 -1 -1 0 
80 11 257 309 27 21 -1 -1 -1 0 
80 19 1118 344 238 124 -1 -1 -1 0 
80 25 1790 514 67 66 -1 -1 -1 0 
80 37 177 358 46 39 -1 -1 -1 0 
80 39 865 443 68 43 -1 -1 -1 0 
80 40 1596 448 45 53 -1 -1 -1 0 
81 1 1724 795 195 247 -1 -1 -1 0 
81 2 809 426 126 62 -1 -1 -1 0 
81 3 939 585 183 140 -1 -1 -1 0 
81 4 296 361 172 182 -1 -1 -1 0 
81 5 459 368 106 121 -1 -1 -1 0 
81 11 258 309 25 22 -1 -1 -1 0 
81 19 1118 346 242 122 -1 -1 -1 0 
81 25 1801 518 66 65 -1 -1 -1 0 
81 37 176 359 50 38 -1 -1 -1 0 
81 39 865 442 69 45 -1 -1 -1 0 
81 40 1602 451 45 53 -1 -1 -1 0 
81 43 0 350 56 59 -1 -1 -1 0 
82 1 1738 802 181 228 -1 -1 -1 0 
82 2 824 427 110 62 -1 -1 -1 0 
82 3 943 589 189 140 -1 -1 -1 0 
82 4 295 360 173 183 -1 -1 -1 0 
82 5 458 369 110 121 -1 -1 -1 0 
82 11 257 309 27 22 -1 -1 -1 0 
82 19 1118 346 244 121 -1 -1 -1 0 
82 25 1813 519 62 68 -1 -1 -1 0 
82 37 179 355 46 41 -1 -1 -1 0 
82 40 1609 452 43 54 -1 -1 -1 0 
82 43 0 351 56 58 -1 -1 -1 0 
83 1 1759 812 160 210 -1 -1 -1 0 
83 2 838 427 95 62 -1 -1 -1 0 
83 3 948 593 192 142 -1 -1 -1 0 
83 4 294 362 175 182 -1 -1 -1 0 
83 5 458 370 110 119 -1 -1 -1 0 
83 11 257 308 27 22 -1 -1 -1 0 
83 19 1121 347 241 122 -1 -1 -1 0 
83 25 1821 520 67 70 -1 -1 -1 0 
83 37 179 356 49 40 -1 -1 -1 0 
83 40 1614 458 47 50 -1 -1 -1 0 
83 43 0 350 56 57 -1 -1 -1 0 
84 1 1778 822 141 196 -1 -1 -1 0 
84 2 849 427 85 62 -1 -1 -1 0 
84 3 950 597 199 143 -1 -1 -1 0 
84 4 295 366 175 178 -1 -1 -1 0 
84 5 460 370 107 119 -1 -1 -1 0 
84 11 256 309 29 21 -1 -1 -1 0 
84 19 1120 347 245 122 -1 -1 -1 0 
84 25 1831 523 69 71 -1 -1 -1 0 
84 37 179 358 50 38 -1 -1 -1 0 
84 40 1621 464 48 46 -1 -1 -1 0 
84 43 0 348 55 59 -1 -1 -1 0 
85 1 1799 832 120 186 -1 -1 -1 0 
85 2 851 426 87 64 -1 -1 -1 0 
85 3 958 598 196 148 -1 -1 -1 0 
85 4 296 363 172 181 -1 -1 -1 0 
85 5 460 369 109 123 -1 -1 -1 0 
85 11 258 309 27 21 -1 -1 -1 0 
85 19 1119 348 251 122 -1 -1 -1 0 
85 25 1843 522 67 76 -1 -1 -1 0 
85 37 181 360 48 35 -1 -1 -1 0 
85 40 1628 463 46 49 -1 -1 -1 0 
85 43 0 348 55 58 -1 -1 -1 0 
86 1 1820 846 99 170 -1 -1 -1 0 
86 2 853 427 88 63 -1 -1 -1 0 
86 3 963 606 200 145 -1 -1 -1 0 
86 4 294 373 178 170 -1 -1 -1 0 
86 5 459 369 114 125 -1 -1 -1 0 
86 11 259 309 27 20 -1 -1 -1 0 
86 19 1119 348 255 122 -1 -1 -1 0 
86 25 1855 521 64 79 -1 -1 -1 0 
86 37 183 359 45 36 -1 -1 -1 0 
86 40 1636 467 44 47 -1 -1 -1 0 
86 43 0 347 55 60 -1 -1 -1 0 
87 1 1841 857 78 164 -1 -1 -1 0 
87 2 853 428 89 63 -1 -1 -1 0 
87 3 969 611 202 146 -1 -1 -1 0 
87 4 296 378 174 165 -1 -1 -1 0 
87 5 460 369 110 125 -1 -1 -1 0 
87 11 261 309 25 20 -1 -1 -1 0 
87 19 1120 349 256 121 -1 -1 -1 0 
87 25 1864 530 55 70 -1 -1 -1 0 
87 37 186 357 43 36 -1 -1 -1 0 
87 40 1641 464 46 52 -1 -1 -1 0 
87 43 0 349 56 57 -1 -1 -1 0 
88 1 1863 872 56 159 -1 -1 -1 0 
88 2 854 430 91 60 -1 -1 -1 0 
88 3 977 613 200 152 -1 -1 -1 0 
88 4 298 379 170 164 -1 -1 -1 0 
88 5 460 369 109 125 -1 -1 -1 0 
88 11 260 308 27 20 -1 -1 -1 0 
88 19 1122 350 257 121 -1 -1 -1 0 
88 25 1878 540 41 60 -1 -1 -1 0 
88 37 186 358 45 35 -1 -1 -1 0 
88 40 1649 462 44 55 -1 -1 -1 0 
88 43 0 348 55 57 -1 -1 -1 0 
89 1 1886 886 33 152 -1 -1 -1 0 
89 2 856 430 90 61 -1 -1 -1 0 
89 3 980 619 207 153 -1 -1 -1 0 
89 4 298 381 171 161 -1 -1 -1 0 
89 5 461 370 108 122 -1 -1 -1 0 
89 11 261 307 25 20 -1 -1 -1 0 
89 19 1122 351 260 120 -1 -1 -1 0 
89 25 1892 536 27 68 -1 -1 -1 0 
89 37 188 358 44 35 -1 -1 -1 0 
89 40 1653 465 49 54 -1 -1 -1 0 
89 43 0 348 54 56 -1 -1 -1 0 
89 48 2 327 116 71 -1 -1 -1 0 
90 1 1903 896 16 146 -1 -1 -1 0 
90 2 860 431 86 60 -1 -1 -1 0 
90 3 988 622 208 156 -1 -1 -1 0 
90 4 300 377 167 166 -1 -1 -1 0 
90 5 461 371 112 121 -1 -1 -1 0 
90 11 260 307 28 20 -1 -1 -1 0 
90 19 1126 350 257 123 -1 -1 -1 0 
90 25 1904 534 15 72 -1 -1 -1 0 
90 37 188 357 44 35 -1 -1 -1 0 
90 40 1662 467 45 55 -1 -1 -1 0 
90 48 0 328 115 71 -1 -1 -1 0 
91 2 861 432 88 59 -1 -1 -1 0 
91 3 992 627 214 157 -1 -1 -1 0 
91 4 299 374 169 169 -1 -1 -1 0 
91 5 461 372 111 121 -1 -1 -1 0 
91 11 262 307 25 20 -1 -1 -1 0 
91 19 1127 348 260 128 -1 -1 -1 0 
91 25 1916 536 3 72 -1 -1 -1 0 
91 37 189 356 45 35 -1 -1 -1 0 
91 40 1668 470 48 52 -1 -1 -1 0 
92 2 862 431 88 60 -1 -1 -1 0 
92 3 1000 629 214 163 -1 -1 -1 0 
92 4 297 380 173 163 -1 -1 -1 0 
92 5 460 372 110 119 -1 -1 -1 0 
92 11 261 307 26 21 -1 -1 -1 0 
92 19 1121 349 274 126 -1 -1 -1 0 
92 37 190 356 45 34 -1 -1 -1 0 
92 40 1674 470 48 54 -1 -1 -1 0 
93 2 863 430 88 62 -1 -1 -1 0 
93 3 1005 632 219 167 -1 -1 -1 0 
93 4 298 385 172 157 -1 -1 -1 0 
93 5 461 371 108 122 -1 -1 -1 0 
93 11 261 307 26 21 -1 -1 -1 0 
93 19 1122 347 277 129 -1 -1 -1 0 
93 37 192 356 42 34 -1 -1 -1 0 
93 40 1679 471 49 55 -1 -1 -1 0 
94 2 861 430 91 63 -1 -1 -1 0 
94 3 1012 636 223 169 -1 -1 -1 0 
94 4 299 382 170 161 -1 -1 -1 0 
94 5 461 370 110 123 -1 -1 -1 0 
94 11 262 306 26 20 -1 -1 -1 0 
94 19 1121 346 279 133 -1 -1 -1 0 
94 37 192 357 46 33 -1 -1 -1 0 
94 40 1686 480 53 50 -1 -1 -1 0 
95 2 862 431 92 62 -1 -1 -1 0 
95 3 1017 640 230 171 -1 -1 -1 0 
95 4 300 382 169 161 -1 -1 -1 0 
95 5 462 370 109 124 -1 -1 -1 0 
95 11 262 306 26 20 -1 -1 -1 0 
95 19 1119 345 285 134 -1 -1 -1 0 
95 37 193 357 46 32 -1 -1 -1 0 
95 40 1697 476 47 58 -1 -1 -1 0 
95 48 5 324 119 74 -1 -1 -1 0 
95 51 1120 344 282 136 -1 -1 -1 0 
96 2 863 433 93 60 -1 -1 -1 0 
96 3 1024 646 232 173 -1 -1 -1 0 
96 4 298 385 172 158 -1 -1 -1 0 
96 5 462 371 111 124 -1 -1 -1 0 
96 11 263 305 25 20 -1 -1 -1 0 
96 19 1113 347 296 131 -1 -1 -1 0 
96 37 196 356 43 33 -1 -1 -1 0 
96 40 1701 479 53 57 -1 -1 -1 0 
96 48 5 323 120 75 -1 -1 -1 0 
96 51 1118 347 289 131 -1 -1 -1 0 
97 2 866 434 90 59 -1 -1 -1 0 
97 3 1032 650 231 175 -1 -1 -1 0 
97 4 298 388 172 154 -1 -1 -1 0 
97 5 462 371 112 125 -1 -1 -1 0 
97 11 264 304 24 21 -1 -1 -1 0 
97 19 1108 347 298 133 -1 -1 -1 0 
97 37 197 356 43 32 -1 -1 -1 0 
97 40 1708 484 55 54 -1 -1 -1 0 
97 48 11 325 116 72 -1 -1 -1 0 
97 51 1120 349 289 130 -1 -1 -1 0 
97 53 190 329 28 27 -1 -1 -1 0 
98 2 865 434 93 61 -1 -1 -1 0 
98 3 1037 654 242 179 -1 -1 -1 0 
98 4 300 387 169 156 -1 -1 -1 0 
98 5 463 372 111 124 -1 -1 -1 0 
98 11 265 304 23 20 -1 -1 -1 0 
98 19 1107 347 302 134 -1 -1 -1 0 
98 37 198 353 42 35 -1 -1 -1 0 
98 40 1718 487 49 53 -1 -1 -1 0 
98 48 11 325 117 72 -1 -1 -1 0 
98 51 1119 351 296 130 -1 -1 -1 0 
98 53 191 330 27 27 -1 -1 -1 0 
98 54 458 373 117 122 -1 -1 -1 0 
98 55 301 388 168 159 -1 -1 -1 0 
99 2 863 434 98 59 -1 -1 -1 0 
99 3 1045 660 241 181 -1 -1 -1 0 
99 4 299 386 170 157 -1 -1 -1 0 
99 5 465 372 107 124 -1 -1 -1 0 
99 11 267 304 22 20 -1 -1 -1 0 
99 37 198 353 43 35 -1 -1 -1 0 
99 40 1722 493 56 49 -1 -1 -1 0 
99 48 13 321 118 76 -1 -1 -1 0 
99 51 1115 352 304 131 -1 -1 -1 0 
99 53 192 331 27 26 -1 -1 -1 0 
99 54 463 372 109 123 -1 -1 -1 0 
99 55 301 388 168 159 -1 -1 -1 0 
100 2 865 435 96 60 -1 -1 -1 0 
100 3 1051 666 246 183 -1 -1 -1 0 
100 4 297 389 174 154 -1 -1 -1 0 
100 5 467 373 106 124 -1 -1 -1 0 
100 11 268 304 21 20 -1 -1 -1 0 
100 37 198 352 45 35 -1 -1 -1 0 
100 40 1732 494 52 51 -1 -1 -1 0 
100 48 15 321 119 77 -1 -1 -1 0 
100 51 1114 353 310 131 -1 -1 -1 0 
100 53 193 331 28 27 -1 -1 -1 0 
100 54 463 371 110 124 -1 -1 -1 0 
100 55 301 388 168 159 -1 -1 -1 0 
101 2 867 436 97 60 -1 -1 -1 0 
101 3 1058 670 250 185 -1 -1 -1 0 
101 4 297 389 174 154 -1 -1 -1 0 
101 5 461 372 114 124 -1 -1 -1 0 
101 11 265 300 26 25 -1 -1 -1 0 
101 37 197 357 48 30 -1 -1 -1 0 
101 40 1741 492 49 56 -1 -1 -1 0 
101 48 17 321 112 77 -1 -1 -1 0 
101 51 1137 352 284 133 -1 -1 -1 0 
101 53 191 333 32 30 -1 -1 -1 0 
101 54 460 371 113 124 -1 -1 -1 0 
102 2 869 437 96 62 -1 -1 -1 0 
102 3 1068 674 250 190 -1 -1 -1 0 
102 4 299 393 171 150 -1 -1 -1 0 
102 5 463 375 112 123 -1 -1 -1 0 
102 11 263 300 28 25 -1 -1 -1 0 
102 37 198 355 47 32 -1 -1 -1 0 
102 40 1744 493 56 56 -1 -1 -1 0 
102 48 17 321 114 77 -1 -1 -1 0 
102 51 1136 350 294 135 -1 -1 -1 0 
102 53 192 334 32 30 -1 -1 -1 0 
102 54 463 372 111 126 -1 -1 -1 0 
103 2 868 436 101 64 -1 -1 -1 0 
103 3 1074 678 256 195 -1 -1 -1 0 
103 4 302 394 167 149 -1 -1 -1 0 
103 5 469 378 107 120 -1 -1 -1 0 
103 11 262 300 30 25 -1 -1 -1 0 
103 37 199 353 47 34 -1 -1 -1 0 
103 40 1753 495 54 57 -1 -1 -1 0 
103 48 30 321 97 76 -1 -1 -1 0 
103 51 1151 351 279 135 -1 -1 -1 0 
103 54 466 372 109 126 -1 -1 -1 0 
103 55 306 391 162 155 -1 -1 -1 0 
104 2 870 436 100 65 -1 -1 -1 0 
104 3 1083 681 259 201 -1 -1 -1 0 
104 4 302 395 168 148 -1 -1 -1 0 
104 5 467 375 109 123 -1 -1 -1 0 
104 11 260 300 33 25 -1 -1 -1 0 
104 37 202 354 44 33 -1 -1 -1 0 
104 40 1761 497 54 59 -1 -1 -1 0 
104 48 24 322 109 75 -1 -1 -1 0 
104 51 1155 352 283 135 -1 -1 -1 0 
104 53 196 337 38 38 -1 -1 -1 0 
104 54 466 372 109 127 -1 -1 -1 0 
104 55 307 392 162 155 -1 -1 -1 0 
105 2 871 436 101 66 -1 -1 -1 0 
105 3 1089 689 266 202 -1 -1 -1 0 
105 4 302 394 167 149 -1 -1 -1 0 
105 5 467 372 108 126 -1 -1 -1 0 
105 11 258 299 36 26 -1 -1 -1 0 
105 37 203 352 44 35 -1 -1 -1 0 
105 40 1767 499 57 60 -1 -1 -1 0 
105 48 25 322 109 75 -1 -1 -1 0 
105 51 1160 351 282 137 -1 -1 -1 0 
105 53 197 339 39 39 -1 -1 -1 0 
105 54 465 371 112 127 -1 -1 -1 0 
105 55 307 391 161 156 -1 -1 -1 0 
105 59 436 372 37 41 -1 -1 -1 0 
106 2 876 437 97 66 -1 -1 -1 0 
106 3 1095 692 272 208 -1 -1 -1 0 
106 4 301 394 169 149 -1 -1 -1 0 
106 5 471 376 105 123 -1 -1 -1 0 
106 11 258 300 35 25 -1 -1 -1 0 
106 37 205 351 43 35 -1 -1 -1 0 
106 40 1779 503 55 58 -1 -1 -1 0 
106 51 1163 351 283 137 -1 -1 -1 0 
106 53 198 338 41 38 -1 -1 -1 0 
106 54 470 373 106 127 -1 -1 -1 0 
106 55 308 391 160 156 -1 -1 -1 0 
106 59 437 372 36 40 -1 -1 -1 0 
107 2 879 438 96 67 -1 -1 -1 0 
107 3 1105 700 274 210 -1 -1 -1 0 
107 4 301 394 168 149 -1 -1 -1 0 
107 5 472 375 106 125 -1 -1 -1 0 
107 11 259 300 34 24 -1 -1 -1 0 
107 37 206 351 44 34 -1 -1 -1 0 
107 40 1785 504 59 60 -1 -1 -1 0 
107 51 1165 351 285 138 -1 -1 -1 0 
107 53 199 339 42 39 -1 -1 -1 0 
107 54 471 374 107 126 -1 -1 -1 0 
108 2 882 438 94 68 -1 -1 -1 0 
108 3 1115 707 278 213 -1 -1 -1 0 
108 4 302 395 168 148 -1 -1 -1 0 
108 5 473 376 105 125 -1 -1 -1 0 
108 11 260 301 34 23 -1 -1 -1 0 
108 37 207 351 44 34 -1 -1 -1 0 
108 40 1792 504 59 63 -1 -1 -1 0 
108 51 1166 353 287 137 -1 -1 -1 0 
108 54 470 374 108 127 -1 -1 -1 0 
109 2 883 438 96 70 -1 -1 -1 0 
109 3 1120 715 286 213 -1 -1 -1 0 
109 4 302 395 168 148 -1 -1 -1 0 
109 11 261 302 34 22 -1 -1 -1 0 
109 37 208 351 43 33 -1 -1 -1 0 
109 40 1802 507 60 63 -1 -1 -1 0 
109 51 1175 353 279 139 -1 -1 -1 0 
109 54 470 373 108 128 -1 -1 -1 0 
110 2 884 438 97 71 -1 -1 -1 0 
110 3 1129 722 291 216 -1 -1 -1 0 
110 4 305 397 165 146 -1 -1 -1 0 
110 5 468 376 111 126 -1 -1 -1 0 
110 11 263 302 31 21 -1 -1 -1 0 
110 37 210 350 42 34 -1 -1 -1 0 
110 40 1811 507 60 67 -1 -1 -1 0 
110 51 1177 354 285 138 -1 -1 -1 0 
110 54 467 373 112 129 -1 -1 -1 0 
111 2 885 439 99 72 -1 -1 -1 0 
111 3 1139 730 293 221 -1 -1 -1 0 
111 4 304 397 166 147 -1 -1 -1 0 
111 5 467 375 113 129 -1 -1 -1 0 
111 11 264 302 30 21 -1 -1 -1 0 
111 37 212 350 41 33 -1 -1 -1 0 
111 40 1820 513 63 64 -1 -1 -1 0 
111 48 62 331 73 63 -1 -1 -1 0 
111 51 1175 355 292 138 -1 -1 -1 0 
111 54 463 373 119 129 -1 -1 -1 0 
112 2 888 439 98 73 -1 -1 -1 0 
112 3 1148 736 301 223 -1 -1 -1 0 
112 4 303 395 165 149 -1 -1 -1 0 
112 5 467 375 114 129 -1 -1 -1 0 
112 11 263 301 32 22 -1 -1 -1 0 
112 37 214 350 39 33 -1 -1 -1 0 
112 40 1829 510 64 70 -1 -1 -1 0 
112 48 65 332 71 61 -1 -1 -1 0 
112 51 1176 355 294 139 -1 -1 -1 0 
112 53 198 328 27 28 -1 -1 -1 0 
112 54 465 374 117 129 -1 -1 -1 0 
112 55 307 389 161 158 -1 -1 -1 0 
113 2 890 442 99 70 -1 -1 -1 0 
113 3 1155 743 310 224 -1 -1 -1 0 
113 4 305 393 162 151 -1 -1 -1 0 
113 5 470 375 111 128 -1 -1 -1 0 
113 11 264 300 31 23 -1 -1 -1 0 
113 25 1576 449 40 47 -1 -1 -1 0 
113 37 215 350 40 32 -1 -1 -1 0 
113 40 1836 515 67 68 -1 -1 -1 0 
113 51 1183 354 291 141 -1 -1 -1 0 
113 53 197 330 28 23 -1 -1 -1 0 
113 54 465 374 117 129 -1 -1 -1 0 
113 55 307 389 161 158 -1 -1 -1 0 
114 2 892 440 99 73 -1 -1 -1 0 
114 3 1168 749 308 230 -1 -1 -1 0 
114 4 303 394 166 149 -1 -1 -1 0 
114 5 469 376 112 128 -1 -1 -1 0 
114 11 264 300 32 23 -1 -1 -1 0 
114 25 1562 445 39 46 -1 -1 -1 0 
114 37 214 351 41 30 -1 -1 -1 0 
114 40 1846 518 67 68 -1 -1 -1 0 
114 51 1186 354 293 142 -1 -1 -1 0 
114 53 199 328 25 24 -1 -1 -1 0 
114 54 468 379 112 127 -1 -1 -1 0 
114 55 308 389 160 158 -1 -1 -1 0 
114 59 438 371 40 43 -1 -1 -1 0 
115 2 894 441 99 73 -1 -1 -1 0 
115 3 1175 758 320 228 -1 -1 -1 0 
115 4 303 394 166 149 -1 -1 -1 0 
115 5 470 376 113 129 -1 -1 -1 0 
115 11 264 300 33 22 -1 -1 -1 0 
115 37 216 351 39 30 -1 -1 -1 0 
115 40 1857 520 61 66 -1 -1 -1 0 
115 51 1188 356 296 143 -1 -1 -1 0 
115 53 199 328 25 24 -1 -1 -1 0 
115 54 471 382 110 126 -1 -1 -1 0 
115 59 438 370 41 45 -1 -1 -1 0 
116 2 893 441 103 72 -1 -1 -1 0 
116 3 1190 765 318 237 -1 -1 -1 0 
116 4 304 394 163 149 -1 -1 -1 0 
116 5 470 378 115 128 -1 -1 -1 0 
116 11 263 301 33 21 -1 -1 -1 0 
116 25 1580 451 44 43 -1 -1 -1 0 
116 37 217 351 39 30 -1 -1 -1 0 
116 40 1868 520 51 66 -1 -1 -1 0 
116 51 1193 357 295 143 -1 -1 -1 0 
116 53 199 329 26 23 -1 -1 -1 0 
116 54 468 383 116 125 -1 -1 -1 0 
116 55 307 390 160 157 -1 -1 -1 0 
117 2 894 442 104 70 -1 -1 -1 0 
117 3 1196 773 343 246 -1 -1 -1 0 
117 4 302 394 167 149 -1 -1 -1 0 
117 5 473 378 112 129 -1 -1 -1 0 
117 11 261 302 34 20 -1 -1 -1 0 
117 25 1587 448 44 49 -1 -1 -1 0 
117 37 217 351 40 30 -1 -1 -1 0 
117 40 1878 532 41 55 -1 -1 -1 0 
117 51 1192 358 303 142 -1 -1 -1 0 
117 53 199 328 26 23 -1 -1 -1 0 
117 54 470 381 114 128 -1 -1 -1 0 
117 55 307 390 160 157 -1 -1 -1 0 
118 2 897 443 102 72 -1 -1 -1 0 
118 3 1212 781 334 252 -1 -1 -1 0 
118 4 301 395 168 148 -1 -1 -1 0 
118 5 474 378 111 131 -1 -1 -1 0 
118 11 260 302 36 20 -1 -1 -1 0 
118 25 1592 450 47 47 -1 -1 -1 0 
118 37 218 350 39 30 -1 -1 -1 0 
118 40 1891 536 28 54 -1 -1 -1 0 
118 51 1191 356 309 147 -1 -1 -1 0 
118 53 199 327 27 24 -1 -1 -1 0 
118 54 470 381 114 129 -1 -1 -1 0 
118 55 307 390 159 157 -1 -1 -1 0 
119 2 899 443 102 72 -1 -1 -1 0 
119 3 1221 789 342 257 -1 -1 -1 0 
119 4 301 395 168 148 -1 -1 -1 0 
119 5 475 378 112 132 -1 -1 -1 0 
119 11 263 300 34 21 -1 -1 -1 0 
119 25 1587 448 48 47 -1 -1 -1 0 
119 37 219 350 41 29 -1 -1 -1 0 
119 40 1900 540 19 52 -1 -1 -1 0 
119 51 1195 356 307 149 -1 -1 -1 0 
119 53 200 326 25 25 -1 -1 -1 0 
119 54 474 379 112 133 -1 -1 -1 0 
120 2 899 445 108 69 -1 -1 -1 0 
120 3 1232 796 348 265 -1 -1 -1 0 
120 4 301 395 167 148 -1 -1 -1 0 
120 5 476 378 111 133 -1 -1 -1 0 
120 11 262 300 36 21 -1 -1 -1 0 
120 37 220 349 41 30 -1 -1 -1 0 
120 40 1708 484 45 49 -1 -1 -1 0 
120 51 1199 356 309 150 -1 -1 -1 0 
120 53 199 327 27 23 -1 -1 -1 0 
120 54 477 379 110 133 -1 -1 -1 0 
121 2 904 445 102 70 -1 -1 -1 0 
121 3 1241 805 362 269 -1 -1 -1 0 
121 4 300 395 168 148 -1 -1 -1 0 
121 5 474 376 115 135 -1 -1 -1 0 
121 11 262 299 36 21 -1 -1 -1 0 
121 37 222 348 39 30 -1 -1 -1 0 
121 40 1642 461 45 51 -1 -1 -1 0 
121 51 1199 357 312 151 -1 -1 -1 0 
121 53 200 328 26 22 -1 -1 -1 0 
121 54 472 378 117 135 -1 -1 -1 0 
122 2 907 446 102 70 -1 -1 -1 0 
122 3 1251 813 374 266 -1 -1 -1 0 
122 4 300 395 168 149 -1 -1 -1 0 
122 5 475 376 115 136 -1 -1 -1 0 
122 11 262 300 34 20 -1 -1 -1 0 
122 37 223 348 39 29 -1 -1 -1 0 
122 40 1622 460 49 47 -1 -1 -1 0 
122 51 1198 358 318 153 -1 -1 -1 0 
122 53 200 328 27 21 -1 -1 -1 0 
122 54 472 378 118 136 -1 -1 -1 0 
123 2 909 446 103 71 -1 -1 -1 0 
123 3 1261 824 386 255 -1 -1 -1 0 
123 4 300 395 168 149 -1 -1 -1 0 
123 11 263 300 34 20 -1 -1 -1 0 
123 37 224 348 39 29 -1 -1 -1 0 
123 40 1622 454 46 53 -1 -1 -1 0 
123 51 1203 358 319 153 -1 -1 -1 0 
123 53 201 326 28 23 -1 -1 -1 0 
123 54 477 378 113 137 -1 -1 -1 0 
124 2 911 445 103 74 -1 -1 -1 0 
124 3 1273 834 398 245 -1 -1 -1 0 
124 4 300 395 169 149 -1 -1 -1 0 
124 5 474 378 118 139 -1 -1 -1 0 
124 11 264 300 34 20 -1 -1 -1 0 
124 37 225 345 38 32 -1 -1 -1 0 
124 40 1628 453 45 53 -1 -1 -1 0 
124 51 1210 359 317 153 -1 -1 -1 0 
124 53 203 324 26 24 -1 -1 -1 0 
124 54 476 379 114 138 -1 -1 -1 0 
125 2 912 446 106 74 -1 -1 -1 0 
125 3 1286 843 409 236 -1 -1 -1 0 
125 4 301 395 167 148 -1 -1 -1 0 
125 5 474 378 118 141 -1 -1 -1 0 
125 11 267 300 31 19 -1 -1 -1 0 
125 37 226 345 38 31 -1 -1 -1 0 
125 40 1633 456 49 52 -1 -1 -1 0 
125 51 1217 361 313 153 -1 -1 -1 0 
125 53 203 325 28 22 -1 -1 -1 0 
125 54 476 378 115 140 -1 -1 -1 0 
