3 1 1761 317 158 214 -1 -1 -1 0 
3 2 1481 63 171 98 -1 -1 -1 0 
3 3 981 547 462 128 -1 -1 -1 0 
3 4 1040 0 309 269 -1 -1 -1 0 
3 5 471 15 68 69 -1 -1 -1 0 
3 6 1849 88 52 79 -1 -1 -1 0 
3 7 1487 594 396 82 -1 -1 -1 0 
3 8 1478 0 130 71 -1 -1 -1 0 
4 1 1764 320 155 211 -1 -1 -1 0 
4 2 1486 67 172 97 -1 -1 -1 0 
4 3 1013 557 334 119 -1 -1 -1 0 
4 4 1042 1 308 270 -1 -1 -1 0 
4 5 469 13 71 71 -1 -1 -1 0 
4 6 1852 83 60 85 -1 -1 -1 0 
4 7 1490 594 392 82 -1 -1 -1 0 
4 8 1472 0 144 74 -1 -1 -1 0 
5 1 1769 323 150 207 -1 -1 -1 0 
5 2 1491 68 171 98 -1 -1 -1 0 
5 3 1005 577 359 99 -1 -1 -1 0 
5 4 1044 0 312 273 -1 -1 -1 0 
5 5 469 13 72 71 -1 -1 -1 0 
5 6 1859 84 57 88 -1 -1 -1 0 
5 7 1492 593 390 83 -1 -1 -1 0 
5 8 1475 0 139 75 -1 -1 -1 0 
6 1 1775 326 144 200 -1 -1 -1 0 
6 2 1496 67 172 101 -1 -1 -1 0 
6 3 1012 592 448 84 -1 -1 -1 0 
6 4 1048 1 308 273 -1 -1 -1 0 
6 5 470 12 71 73 -1 -1 -1 0 
6 6 1865 87 54 89 -1 -1 -1 0 
6 7 1492 593 392 83 -1 -1 -1 0 
6 8 1458 0 161 73 -1 -1 -1 0 
7 1 1779 328 140 191 -1 -1 -1 0 
7 2 1501 69 172 101 -1 -1 -1 0 
7 3 1045 608 432 69 -1 -1 -1 0 
7 4 1049 1 310 275 -1 -1 -1 0 
7 5 472 15 69 70 -1 -1 -1 0 
7 6 1870 89 49 85 -1 -1 -1 0 
7 7 1494 593 388 83 -1 -1 -1 0 
7 8 1456 0 165 75 -1 -1 -1 0 
7 13 1048 0 311 277 -1 -1 -1 0 
8 1 1785 329 134 186 -1 -1 -1 0 
8 2 1506 70 173 101 -1 -1 -1 0 
8 3 1071 624 410 53 -1 -1 -1 0 
8 4 1051 1 310 278 -1 -1 -1 0 
8 5 472 16 70 69 -1 -1 -1 0 
8 6 1874 89 45 87 -1 -1 -1 0 
8 7 1494 593 389 83 -1 -1 -1 0 
8 8 1463 0 159 75 -1 -1 -1 0 
8 13 1049 0 311 277 -1 -1 -1 0 
9 1 1791 333 128 179 -1 -1 -1 0 
9 2 1511 71 172 103 -1 -1 -1 0 
9 3 1137 637 307 40 -1 -1 -1 0 
9 4 1052 0 311 280 -1 -1 -1 0 
9 5 472 17 70 68 -1 -1 -1 0 
9 6 1881 89 38 85 -1 -1 -1 0 
9 7 1492 592 391 84 -1 -1 -1 0 
9 8 1449 0 178 76 -1 -1 -1 0 
9 13 1050 0 313 279 -1 -1 -1 0 
9 15 855 35 63 39 -1 -1 -1 0 
9 16 1737 60 40 52 -1 -1 -1 0 
10 1 1795 337 123 174 -1 -1 -1 0 
10 2 1514 73 174 103 -1 -1 -1 0 
10 4 1054 0 311 283 -1 -1 -1 0 
10 5 472 14 70 71 -1 -1 -1 0 
10 6 1888 92 31 83 -1 -1 -1 0 
10 7 1492 592 392 84 -1 -1 -1 0 
10 8 1439 0 192 78 -1 -1 -1 0 
10 13 1051 0 315 282 -1 -1 -1 0 
10 15 860 39 56 34 -1 -1 -1 0 
10 16 1740 65 44 49 -1 -1 -1 0 
11 1 1802 339 116 172 -1 -1 -1 0 
11 2 1519 72 173 105 -1 -1 -1 0 
11 4 1055 0 313 285 -1 -1 -1 0 
11 5 471 12 72 74 -1 -1 -1 0 
11 6 1891 97 28 79 -1 -1 -1 0 
11 7 1493 592 390 84 -1 -1 -1 0 
11 8 1438 0 197 78 -1 -1 -1 0 
11 13 1054 0 314 284 -1 -1 -1 0 
11 16 1744 63 44 53 -1 -1 -1 0 
12 1 1806 341 113 172 -1 -1 -1 0 
12 2 1522 75 177 102 -1 -1 -1 0 
12 4 1058 0 311 286 -1 -1 -1 0 
12 5 470 9 73 78 -1 -1 -1 0 
12 6 1899 107 20 70 -1 -1 -1 0 
12 7 1493 592 390 84 -1 -1 -1 0 
12 8 1445 0 191 79 -1 -1 -1 0 
12 13 1055 0 315 286 -1 -1 -1 0 
12 16 1747 65 45 52 -1 -1 -1 0 
13 1 1812 344 107 171 -1 -1 -1 0 
13 2 1528 76 175 103 -1 -1 -1 0 
13 4 1058 0 314 288 -1 -1 -1 0 
13 5 470 9 74 79 -1 -1 -1 0 
13 6 1903 109 16 69 -1 -1 -1 0 
13 7 1494 592 389 84 -1 -1 -1 0 
13 8 1446 0 197 79 -1 -1 -1 0 
13 13 1056 0 317 287 -1 -1 -1 0 
13 16 1750 66 46 53 -1 -1 -1 0 
14 1 1817 347 102 169 -1 -1 -1 0 
14 2 1533 76 175 105 -1 -1 -1 0 
14 4 1058 0 317 290 -1 -1 -1 0 
14 5 471 12 74 77 -1 -1 -1 0 
14 7 1495 592 388 84 -1 -1 -1 0 
14 8 1450 0 197 79 -1 -1 -1 0 
14 15 859 37 66 38 -1 -1 -1 0 
14 16 1757 64 42 55 -1 -1 -1 0 
15 1 1822 352 97 165 -1 -1 -1 0 
15 2 1538 75 175 108 -1 -1 -1 0 
15 4 1060 0 318 292 -1 -1 -1 0 
15 5 472 11 73 78 -1 -1 -1 0 
15 7 1494 592 389 84 -1 -1 -1 0 
15 8 1459 0 193 80 -1 -1 -1 0 
15 15 860 38 66 37 -1 -1 -1 0 
15 16 1761 62 44 58 -1 -1 -1 0 
16 1 1828 356 91 156 -1 -1 -1 0 
16 2 1541 78 178 107 -1 -1 -1 0 
16 4 1061 0 320 294 -1 -1 -1 0 
16 5 472 12 74 78 -1 -1 -1 0 
16 7 1494 592 389 84 -1 -1 -1 0 
16 8 1447 0 211 81 -1 -1 -1 0 
16 13 1062 0 317 295 -1 -1 -1 0 
16 16 1763 68 48 54 -1 -1 -1 0 
16 20 1675 34 46 49 -1 -1 -1 0 
17 1 1835 359 84 156 -1 -1 -1 0 
17 2 1545 80 179 108 -1 -1 -1 0 
17 4 1062 0 322 296 -1 -1 -1 0 
17 5 472 12 74 78 -1 -1 -1 0 
17 7 1494 592 389 84 -1 -1 -1 0 
17 8 1442 0 221 81 -1 -1 -1 0 
17 13 1064 0 318 297 -1 -1 -1 0 
17 15 871 44 62 30 -1 -1 -1 0 
17 16 1768 67 48 57 -1 -1 -1 0 
17 20 1676 33 48 51 -1 -1 -1 0 
18 1 1840 365 79 149 -1 -1 -1 0 
18 2 1548 81 179 108 -1 -1 -1 0 
18 4 1064 0 322 298 -1 -1 -1 0 
18 5 471 10 76 80 -1 -1 -1 0 
18 7 1494 592 389 84 -1 -1 -1 0 
18 8 1431 0 241 83 -1 -1 -1 0 
18 15 872 45 61 30 -1 -1 -1 0 
18 16 1772 69 46 56 -1 -1 -1 0 
18 20 1685 40 47 46 -1 -1 -1 0 
19 1 1847 369 72 146 -1 -1 -1 0 
19 2 1554 83 179 108 -1 -1 -1 0 
19 4 1066 0 322 300 -1 -1 -1 0 
19 5 471 10 75 81 -1 -1 -1 0 
19 7 1494 592 389 84 -1 -1 -1 0 
19 8 1427 0 247 84 -1 -1 -1 0 
19 15 873 46 61 29 -1 -1 -1 0 
19 16 1776 73 47 53 -1 -1 -1 0 
19 20 1688 41 48 47 -1 -1 -1 0 
20 1 1853 375 66 141 -1 -1 -1 0 
20 2 1558 84 179 109 -1 -1 -1 0 
20 4 1068 0 322 303 -1 -1 -1 0 
20 5 470 9 77 83 -1 -1 -1 0 
20 7 1493 592 390 84 -1 -1 -1 0 
20 8 1435 0 238 85 -1 -1 -1 0 
20 15 875 45 60 31 -1 -1 -1 0 
20 16 1782 76 44 52 -1 -1 -1 0 
21 1 1859 383 60 135 -1 -1 -1 0 
21 2 1563 85 178 110 -1 -1 -1 0 
21 4 1066 2 329 304 -1 -1 -1 0 
21 5 471 9 77 83 -1 -1 -1 0 
21 7 1493 592 391 84 -1 -1 -1 0 
21 8 1430 0 253 86 -1 -1 -1 0 
21 15 875 44 62 33 -1 -1 -1 0 
21 16 1786 74 46 55 -1 -1 -1 0 
22 1 1866 389 53 133 -1 -1 -1 0 
22 2 1568 86 177 111 -1 -1 -1 0 
22 4 1070 2 325 306 -1 -1 -1 0 
22 5 470 9 79 84 -1 -1 -1 0 
22 7 1493 593 391 83 -1 -1 -1 0 
22 8 1437 0 247 87 -1 -1 -1 0 
22 15 874 43 65 35 -1 -1 -1 0 
22 16 1790 72 46 59 -1 -1 -1 0 
22 20 1709 51 43 44 -1 -1 -1 0 
23 1 1872 396 47 128 -1 -1 -1 0 
23 2 1571 87 181 112 -1 -1 -1 0 
23 4 1069 2 330 308 -1 -1 -1 0 
23 5 470 11 81 81 -1 -1 -1 0 
23 7 1493 593 391 82 -1 -1 -1 0 
23 8 1453 0 233 89 -1 -1 -1 0 
23 15 870 34 71 42 -1 -1 -1 0 
23 16 1793 71 47 61 -1 -1 -1 0 
23 20 1714 51 43 46 -1 -1 -1 0 
24 1 1879 401 40 126 -1 -1 -1 0 
24 2 1576 88 180 112 -1 -1 -1 0 
24 4 1072 2 327 311 -1 -1 -1 0 
24 5 470 11 81 81 -1 -1 -1 0 
24 7 1494 593 390 82 -1 -1 -1 0 
24 8 1460 0 233 89 -1 -1 -1 0 
24 13 1072 1 329 312 -1 -1 -1 0 
24 15 863 28 82 49 -1 -1 -1 0 
24 16 1797 74 49 60 -1 -1 -1 0 
24 20 1717 53 46 45 -1 -1 -1 0 
25 1 1887 408 32 122 -1 -1 -1 0 
25 2 1580 90 181 113 -1 -1 -1 0 
25 4 1072 1 330 316 -1 -1 -1 0 
25 5 470 11 81 82 -1 -1 -1 0 
25 7 1494 594 389 82 -1 -1 -1 0 
25 8 1422 0 282 89 -1 -1 -1 0 
25 13 1072 0 332 315 -1 -1 -1 0 
25 15 855 25 95 54 -1 -1 -1 0 
25 16 1802 74 48 62 -1 -1 -1 0 
25 20 1722 50 43 50 -1 -1 -1 0 
26 1 1892 413 27 118 -1 -1 -1 0 
26 2 1583 92 181 113 -1 -1 -1 0 
26 4 1073 1 331 318 -1 -1 -1 0 
26 5 473 24 79 69 -1 -1 -1 0 
26 7 1494 594 390 82 -1 -1 -1 0 
26 8 1411 0 296 92 -1 -1 -1 0 
26 13 1074 0 332 318 -1 -1 -1 0 
26 15 854 24 97 55 -1 -1 -1 0 
26 16 1808 75 49 63 -1 -1 -1 0 
26 20 1727 52 43 50 -1 -1 -1 0 
27 2 1586 93 182 114 -1 -1 -1 0 
27 4 1075 2 334 318 -1 -1 -1 0 
27 5 475 27 77 67 -1 -1 -1 0 
27 8 1424 0 282 93 -1 -1 -1 0 
27 13 1075 0 334 320 -1 -1 -1 0 
27 15 859 25 91 58 -1 -1 -1 0 
27 16 1814 75 49 66 -1 -1 -1 0 
28 2 1592 94 180 116 -1 -1 -1 0 
28 4 1077 0 332 322 -1 -1 -1 0 
28 5 473 16 79 79 -1 -1 -1 0 
28 8 1423 0 288 94 -1 -1 -1 0 
28 13 1077 0 333 322 -1 -1 -1 0 
28 15 858 26 96 58 -1 -1 -1 0 
28 16 1820 73 47 72 -1 -1 -1 0 
28 20 1731 57 48 45 -1 -1 -1 0 
29 2 1592 95 188 116 -1 -1 -1 0 
29 4 1078 0 335 325 -1 -1 -1 0 
29 5 470 15 83 80 -1 -1 -1 0 
29 8 1410 0 308 95 -1 -1 -1 0 
29 13 1078 0 336 325 -1 -1 -1 0 
29 15 857 27 100 58 -1 -1 -1 0 
29 16 1824 75 50 70 -1 -1 -1 0 
29 20 1737 59 48 45 -1 -1 -1 0 
30 2 1596 96 186 117 -1 -1 -1 0 
30 4 1081 0 338 327 -1 -1 -1 0 
30 5 469 15 85 81 -1 -1 -1 0 
30 8 1431 0 284 96 -1 -1 -1 0 
30 13 1081 0 337 327 -1 -1 -1 0 
30 15 861 27 97 60 -1 -1 -1 0 
30 16 1831 71 47 76 -1 -1 -1 0 
30 20 1741 60 50 47 -1 -1 -1 0 
31 2 1603 97 183 119 -1 -1 -1 0 
31 4 1083 0 338 328 -1 -1 -1 0 
31 5 471 22 85 75 -1 -1 -1 0 
31 8 1434 0 281 96 -1 -1 -1 0 
31 13 1082 0 339 330 -1 -1 -1 0 
31 15 861 27 99 61 -1 -1 -1 0 
31 16 1834 73 52 78 -1 -1 -1 0 
31 20 1749 59 45 49 -1 -1 -1 0 
31 27 313 0 153 144 -1 -1 -1 0 
31 28 311 0 153 137 -1 -1 -1 0 
31 29 1486 0 232 94 -1 -1 -1 0 
32 2 1605 98 184 120 -1 -1 -1 0 
32 4 1084 0 340 330 -1 -1 -1 0 
32 5 473 27 83 70 -1 -1 -1 0 
32 8 1396 0 335 97 -1 -1 -1 0 
32 13 1083 0 341 332 -1 -1 -1 0 
32 15 863 27 102 62 -1 -1 -1 0 
32 16 1841 74 50 79 -1 -1 -1 0 
32 20 1752 61 48 49 -1 -1 -1 0 
32 27 313 0 152 144 -1 -1 -1 0 
32 28 311 0 152 137 -1 -1 -1 0 
32 29 1482 0 243 95 -1 -1 -1 0 
33 2 1609 99 184 121 -1 -1 -1 0 
33 4 1085 0 343 333 -1 -1 -1 0 
33 5 475 30 81 67 -1 -1 -1 0 
33 8 1391 0 337 97 -1 -1 -1 0 
33 13 1084 0 342 334 -1 -1 -1 0 
33 15 865 28 104 61 -1 -1 -1 0 
33 16 1846 77 51 79 -1 -1 -1 0 
33 20 1757 62 48 50 -1 -1 -1 0 
33 27 313 0 152 145 -1 -1 -1 0 
33 28 311 0 152 138 -1 -1 -1 0 
33 29 1405 0 333 95 -1 -1 -1 0 
34 2 1611 101 187 121 -1 -1 -1 0 
34 4 1086 0 347 337 -1 -1 -1 0 
34 5 475 32 81 66 -1 -1 -1 0 
34 8 1386 0 346 98 -1 -1 -1 0 
34 15 867 29 103 62 -1 -1 -1 0 
34 16 1853 72 48 85 -1 -1 -1 0 
34 20 1766 67 45 49 -1 -1 -1 0 
34 27 313 0 152 144 -1 -1 -1 0 
34 28 311 0 153 138 -1 -1 -1 0 
34 29 1475 0 243 98 -1 -1 -1 0 
34 30 466 8 63 48 -1 -1 -1 0 
35 2 1615 102 185 122 -1 -1 -1 0 
35 4 1088 0 349 340 -1 -1 -1 0 
35 5 476 32 80 67 -1 -1 -1 0 
35 15 870 29 100 63 -1 -1 -1 0 
35 16 1856 75 55 81 -1 -1 -1 0 
35 20 1771 64 44 54 -1 -1 -1 0 
35 27 311 0 155 144 -1 -1 -1 0 
35 29 1481 0 250 99 -1 -1 -1 0 
35 30 467 9 62 48 -1 -1 -1 0 
36 2 1618 104 187 121 -1 -1 -1 0 
36 4 1090 0 350 342 -1 -1 -1 0 
36 5 477 34 81 65 -1 -1 -1 0 
36 15 869 30 106 63 -1 -1 -1 0 
36 16 1864 73 51 87 -1 -1 -1 0 
36 20 1774 65 47 55 -1 -1 -1 0 
36 27 308 0 158 144 -1 -1 -1 0 
36 29 1480 0 255 99 -1 -1 -1 0 
36 30 469 10 59 47 -1 -1 -1 0 
37 2 1625 105 184 124 -1 -1 -1 0 
37 4 1093 0 350 345 -1 -1 -1 0 
37 5 476 34 83 65 -1 -1 -1 0 
37 8 1464 0 271 101 -1 -1 -1 0 
37 13 1095 0 347 344 -1 -1 -1 0 
37 15 867 30 113 65 -1 -1 -1 0 
37 16 1871 77 48 84 -1 -1 -1 0 
37 20 1778 69 51 52 -1 -1 -1 0 
37 27 307 0 159 144 -1 -1 -1 0 
37 29 1471 0 273 100 -1 -1 -1 0 
37 30 467 10 64 48 -1 -1 -1 0 
38 2 1629 107 184 124 -1 -1 -1 0 
38 4 1094 0 353 346 -1 -1 -1 0 
38 5 478 34 80 66 -1 -1 -1 0 
38 8 1467 0 273 102 -1 -1 -1 0 
38 13 1094 0 353 347 -1 -1 -1 0 
38 15 866 32 130 64 -1 -1 -1 0 
38 16 1876 78 43 85 -1 -1 -1 0 
38 20 1783 70 51 53 -1 -1 -1 0 
38 27 306 0 160 144 -1 -1 -1 0 
38 29 1486 0 261 101 -1 -1 -1 0 
38 30 468 10 62 49 -1 -1 -1 0 
39 2 1632 107 185 126 -1 -1 -1 0 
39 4 1096 0 354 348 -1 -1 -1 0 
39 5 474 31 85 70 -1 -1 -1 0 
39 13 1097 0 352 350 -1 -1 -1 0 
39 15 869 32 122 65 -1 -1 -1 0 
39 20 1788 68 49 57 -1 -1 -1 0 
39 27 307 0 157 144 -1 -1 -1 0 
39 29 1491 0 257 102 -1 -1 -1 0 
39 30 464 10 73 47 -1 -1 -1 0 
40 2 1636 108 186 128 -1 -1 -1 0 
40 5 474 32 87 69 -1 -1 -1 0 
40 13 1097 0 356 352 -1 -1 -1 0 
40 15 873 33 115 65 -1 -1 -1 0 
40 20 1795 61 44 65 -1 -1 -1 0 
40 27 307 0 157 143 -1 -1 -1 0 
40 29 1485 0 273 103 -1 -1 -1 0 
40 30 468 10 80 56 -1 -1 -1 0 
41 2 1638 110 188 128 -1 -1 -1 0 
41 5 472 27 89 74 -1 -1 -1 0 
41 13 1099 0 357 355 -1 -1 -1 0 
41 15 873 33 115 67 -1 -1 -1 0 
41 20 1798 59 47 68 -1 -1 -1 0 
41 29 1464 0 304 103 -1 -1 -1 0 
41 30 468 10 83 58 -1 -1 -1 0 
42 2 1642 111 188 129 -1 -1 -1 0 
42 5 471 16 89 87 -1 -1 -1 0 
42 13 1099 0 360 358 -1 -1 -1 0 
42 15 881 33 114 68 -1 -1 -1 0 
42 20 1803 60 46 69 -1 -1 -1 0 
42 29 1468 0 298 104 -1 -1 -1 0 
43 2 1646 112 187 130 -1 -1 -1 0 
43 5 472 30 94 74 -1 -1 -1 0 
43 13 1100 0 362 360 -1 -1 -1 0 
43 15 885 35 113 69 -1 -1 -1 0 
43 20 1806 69 53 61 -1 -1 -1 0 
43 29 1466 0 304 104 -1 -1 -1 0 
43 30 467 8 70 54 -1 -1 -1 0 
43 31 1905 99 14 68 -1 -1 -1 0 
44 2 1649 113 188 131 -1 -1 -1 0 
44 5 477 35 89 69 -1 -1 -1 0 
44 13 1102 0 364 363 -1 -1 -1 0 
44 15 885 37 117 67 -1 -1 -1 0 
44 20 1814 69 48 63 -1 -1 -1 0 
44 29 1444 0 330 104 -1 -1 -1 0 
44 30 467 8 67 52 -1 -1 -1 0 
44 31 1908 105 11 62 -1 -1 -1 0 
45 2 1652 115 188 131 -1 -1 -1 0 
45 5 482 37 83 67 -1 -1 -1 0 
45 13 1104 0 366 366 -1 -1 -1 0 
45 15 892 37 107 69 -1 -1 -1 0 
45 20 1818 70 50 64 -1 -1 -1 0 
45 29 1445 0 331 105 -1 -1 -1 0 
45 30 467 8 66 50 -1 -1 -1 0 
46 2 1654 116 189 131 -1 -1 -1 0 
46 5 484 40 82 65 -1 -1 -1 0 
46 13 1104 0 371 369 -1 -1 -1 0 
46 15 893 41 111 66 -1 -1 -1 0 
46 20 1821 78 53 58 -1 -1 -1 0 
46 29 1450 0 327 107 -1 -1 -1 0 
46 30 468 8 65 50 -1 -1 -1 0 
47 2 1659 118 188 131 -1 -1 -1 0 
47 5 484 42 82 64 -1 -1 -1 0 
47 13 1105 0 374 372 -1 -1 -1 0 
47 15 895 40 111 66 -1 -1 -1 0 
47 20 1828 70 46 63 -1 -1 -1 0 
47 29 1436 0 350 107 -1 -1 -1 0 
47 30 467 9 67 51 -1 -1 -1 0 
48 2 1662 119 189 132 -1 -1 -1 0 
48 5 489 44 78 63 -1 -1 -1 0 
48 13 1106 0 377 375 -1 -1 -1 0 
48 15 898 39 110 68 -1 -1 -1 0 
48 20 1832 71 47 63 -1 -1 -1 0 
48 27 308 0 157 143 -1 -1 -1 0 
48 29 1435 0 352 108 -1 -1 -1 0 
48 30 468 9 68 53 -1 -1 -1 0 
49 2 1664 120 192 134 -1 -1 -1 0 
49 5 491 44 76 63 -1 -1 -1 0 
49 13 1110 0 377 379 -1 -1 -1 0 
49 15 898 39 112 69 -1 -1 -1 0 
49 27 308 0 157 143 -1 -1 -1 0 
49 29 1455 0 330 110 -1 -1 -1 0 
49 30 467 9 71 55 -1 -1 -1 0 
50 2 1667 122 192 135 -1 -1 -1 0 
50 5 492 44 75 64 -1 -1 -1 0 
50 13 1112 0 382 382 -1 -1 -1 0 
50 15 897 41 118 68 -1 -1 -1 0 
50 29 1447 0 349 109 -1 -1 -1 0 
50 30 467 10 70 54 -1 -1 -1 0 
51 2 1671 124 190 136 -1 -1 -1 0 
51 5 494 45 74 66 -1 -1 -1 0 
51 13 1113 0 386 385 -1 -1 -1 0 
51 15 897 42 126 68 -1 -1 -1 0 
51 27 300 0 169 138 -1 -1 -1 0 
51 28 301 0 166 134 -1 -1 -1 0 
51 29 1462 0 333 112 -1 -1 -1 0 
51 30 468 10 70 54 -1 -1 -1 0 
52 2 1673 124 192 137 -1 -1 -1 0 
52 5 493 46 78 66 -1 -1 -1 0 
52 13 1114 0 390 388 -1 -1 -1 0 
52 15 902 43 128 68 -1 -1 -1 0 
52 27 301 0 166 137 -1 -1 -1 0 
52 28 300 0 167 133 -1 -1 -1 0 
52 29 1452 0 352 111 -1 -1 -1 0 
52 30 467 11 75 53 -1 -1 -1 0 
53 2 1677 125 192 138 -1 -1 -1 0 
53 5 494 47 77 64 -1 -1 -1 0 
53 13 1115 0 393 392 -1 -1 -1 0 
53 15 908 44 121 67 -1 -1 -1 0 
53 27 301 0 167 139 -1 -1 -1 0 
53 29 1478 0 319 114 -1 -1 -1 0 
53 30 468 11 73 53 -1 -1 -1 0 
54 2 1680 126 193 139 -1 -1 -1 0 
54 5 496 46 74 66 -1 -1 -1 0 
54 13 1116 0 395 395 -1 -1 -1 0 
54 15 912 45 118 67 -1 -1 -1 0 
54 27 296 0 172 139 -1 -1 -1 0 
54 29 1477 0 329 115 -1 -1 -1 0 
54 30 469 11 70 53 -1 -1 -1 0 
55 2 1685 126 192 141 -1 -1 -1 0 
55 5 495 47 78 66 -1 -1 -1 0 
55 13 1117 0 399 398 -1 -1 -1 0 
55 15 917 45 112 68 -1 -1 -1 0 
55 27 296 0 172 137 -1 -1 -1 0 
55 29 1472 0 343 118 -1 -1 -1 0 
55 30 469 11 70 53 -1 -1 -1 0 
56 2 1686 129 195 140 -1 -1 -1 0 
56 5 495 46 79 67 -1 -1 -1 0 
56 13 1117 0 405 400 -1 -1 -1 0 
56 15 920 45 111 70 -1 -1 -1 0 
56 27 297 0 171 138 -1 -1 -1 0 
56 29 1480 0 336 118 -1 -1 -1 0 
56 30 469 12 70 51 -1 -1 -1 0 
57 2 1689 130 196 142 -1 -1 -1 0 
57 5 495 48 79 66 -1 -1 -1 0 
57 13 1120 0 407 403 -1 -1 -1 0 
57 15 922 46 113 71 -1 -1 -1 0 
57 27 298 0 169 138 -1 -1 -1 0 
57 29 1482 0 336 121 -1 -1 -1 0 
57 30 469 12 69 51 -1 -1 -1 0 
58 2 1693 131 193 145 -1 -1 -1 0 
58 5 493 49 83 67 -1 -1 -1 0 
58 13 1122 0 409 406 -1 -1 -1 0 
58 15 925 46 110 72 -1 -1 -1 0 
58 27 298 0 170 137 -1 -1 -1 0 
58 29 1484 0 339 122 -1 -1 -1 0 
58 30 470 13 67 49 -1 -1 -1 0 
59 2 1696 132 193 147 -1 -1 -1 0 
59 5 494 49 82 67 -1 -1 -1 0 
59 13 1126 0 411 410 -1 -1 -1 0 
59 15 923 47 131 73 -1 -1 -1 0 
59 27 299 0 169 138 -1 -1 -1 0 
59 29 1483 0 346 124 -1 -1 -1 0 
59 30 471 13 64 50 -1 -1 -1 0 
59 34 1489 592 397 84 -1 -1 -1 0 
60 2 1698 135 197 146 -1 -1 -1 0 
60 5 493 49 83 69 -1 -1 -1 0 
60 13 1125 0 420 413 -1 -1 -1 0 
60 15 930 48 122 73 -1 -1 -1 0 
60 27 299 0 170 138 -1 -1 -1 0 
60 29 1485 0 350 125 -1 -1 -1 0 
60 30 471 13 65 50 -1 -1 -1 0 
60 34 1489 592 397 84 -1 -1 -1 0 
61 2 1700 138 198 146 -1 -1 -1 0 
61 5 491 50 88 70 -1 -1 -1 0 
61 13 1126 0 424 417 -1 -1 -1 0 
61 15 932 49 119 73 -1 -1 -1 0 
61 27 299 0 169 137 -1 -1 -1 0 
61 29 1486 0 353 127 -1 -1 -1 0 
61 30 470 14 68 48 -1 -1 -1 0 
61 34 1489 592 397 84 -1 -1 -1 0 
62 2 1703 139 198 147 -1 -1 -1 0 
62 5 490 52 91 68 -1 -1 -1 0 
62 13 1128 0 426 420 -1 -1 -1 0 
62 15 936 50 117 75 -1 -1 -1 0 
62 27 298 0 170 137 -1 -1 -1 0 
62 29 1486 0 357 128 -1 -1 -1 0 
62 30 472 14 63 50 -1 -1 -1 0 
62 34 1489 592 397 84 -1 -1 -1 0 
63 2 1705 141 200 147 -1 -1 -1 0 
63 5 495 52 86 69 -1 -1 -1 0 
63 13 1130 0 429 424 -1 -1 -1 0 
63 15 938 49 117 77 -1 -1 -1 0 
63 29 1489 0 356 128 -1 -1 -1 0 
63 30 470 14 66 49 -1 -1 -1 0 
63 34 1489 592 397 84 -1 -1 -1 0 
64 2 1709 142 197 147 -1 -1 -1 0 
64 5 498 53 84 70 -1 -1 -1 0 
64 13 1135 0 428 428 -1 -1 -1 0 
64 15 939 52 119 76 -1 -1 -1 0 
64 27 297 0 170 137 -1 -1 -1 0 
64 29 1491 0 359 129 -1 -1 -1 0 
64 30 471 14 63 51 -1 -1 -1 0 
64 34 1489 592 397 84 -1 -1 -1 0 
65 2 1712 143 197 148 -1 -1 -1 0 
65 5 501 52 82 72 -1 -1 -1 0 
65 13 1139 0 429 433 -1 -1 -1 0 
65 15 941 52 119 76 -1 -1 -1 0 
65 27 299 0 167 137 -1 -1 -1 0 
65 29 1491 0 364 131 -1 -1 -1 0 
65 30 470 14 64 51 -1 -1 -1 0 
65 34 1489 592 397 84 -1 -1 -1 0 
66 2 1715 144 199 148 -1 -1 -1 0 
66 5 501 53 84 72 -1 -1 -1 0 
66 13 1142 0 433 438 -1 -1 -1 0 
66 15 944 54 121 75 -1 -1 -1 0 
66 27 298 0 168 136 -1 -1 -1 0 
66 29 1490 0 371 132 -1 -1 -1 0 
66 30 469 14 66 51 -1 -1 -1 0 
66 34 1488 592 398 84 -1 -1 -1 0 
67 2 1717 145 201 149 -1 -1 -1 0 
67 5 503 53 83 73 -1 -1 -1 0 
67 13 1144 0 435 442 -1 -1 -1 0 
67 15 946 57 126 74 -1 -1 -1 0 
67 27 298 0 168 138 -1 -1 -1 0 
67 29 1495 0 367 133 -1 -1 -1 0 
67 30 470 14 64 53 -1 -1 -1 0 
67 34 1489 592 397 84 -1 -1 -1 0 
68 2 1720 147 199 149 -1 -1 -1 0 
68 5 502 54 87 73 -1 -1 -1 0 
68 13 1145 0 441 445 -1 -1 -1 0 
68 15 950 58 123 74 -1 -1 -1 0 
68 27 298 0 168 137 -1 -1 -1 0 
68 29 1497 0 367 133 -1 -1 -1 0 
68 30 470 14 63 55 -1 -1 -1 0 
68 34 1488 592 398 84 -1 -1 -1 0 
69 2 1722 148 197 151 -1 -1 -1 0 
69 5 503 56 88 74 -1 -1 -1 0 
69 13 1148 0 445 448 -1 -1 -1 0 
69 15 956 58 116 75 -1 -1 -1 0 
69 27 297 0 168 133 -1 -1 -1 0 
69 29 1501 0 366 135 -1 -1 -1 0 
69 30 470 14 64 55 -1 -1 -1 0 
69 34 1488 592 398 84 -1 -1 -1 0 
70 2 1725 150 194 152 -1 -1 -1 0 
70 5 504 56 86 75 -1 -1 -1 0 
70 13 1148 0 452 451 -1 -1 -1 0 
70 15 958 59 120 78 -1 -1 -1 0 
70 27 297 0 168 132 -1 -1 -1 0 
70 29 1505 0 366 137 -1 -1 -1 0 
70 30 471 13 61 59 -1 -1 -1 0 
70 34 1488 592 399 84 -1 -1 -1 0 
71 2 1728 151 191 154 -1 -1 -1 0 
71 5 504 57 88 75 -1 -1 -1 0 
71 13 1151 0 455 455 -1 -1 -1 0 
71 15 959 60 125 77 -1 -1 -1 0 
71 27 297 0 167 131 -1 -1 -1 0 
71 29 1509 0 365 139 -1 -1 -1 0 
71 30 470 13 62 58 -1 -1 -1 0 
72 2 1729 152 190 155 -1 -1 -1 0 
72 5 506 57 87 75 -1 -1 -1 0 
72 13 1151 0 467 459 -1 -1 -1 0 
72 15 963 61 123 77 -1 -1 -1 0 
72 27 297 0 168 131 -1 -1 -1 0 
72 29 1510 0 371 140 -1 -1 -1 0 
72 30 469 13 65 56 -1 -1 -1 0 
73 2 1732 152 187 157 -1 -1 -1 0 
73 5 507 60 87 74 -1 -1 -1 0 
73 13 1156 0 467 465 -1 -1 -1 0 
73 15 967 61 119 79 -1 -1 -1 0 
73 27 297 0 168 131 -1 -1 -1 0 
73 29 1511 0 377 141 -1 -1 -1 0 
73 30 469 13 65 56 -1 -1 -1 0 
74 2 1734 153 185 158 -1 -1 -1 0 
74 5 508 61 86 75 -1 -1 -1 0 
74 13 1156 1 472 468 -1 -1 -1 0 
74 15 967 62 127 79 -1 -1 -1 0 
74 27 296 0 170 131 -1 -1 -1 0 
74 29 1516 0 374 142 -1 -1 -1 0 
74 30 470 12 63 57 -1 -1 -1 0 
75 2 1736 155 183 158 -1 -1 -1 0 
75 5 509 61 87 77 -1 -1 -1 0 
75 13 1153 1 501 473 -1 -1 -1 0 
75 15 970 63 126 79 -1 -1 -1 0 
75 27 296 0 170 130 -1 -1 -1 0 
75 29 1518 0 379 142 -1 -1 -1 0 
75 30 471 12 62 58 -1 -1 -1 0 
76 2 1738 158 181 157 -1 -1 -1 0 
76 5 509 62 87 77 -1 -1 -1 0 
76 13 1163 1 486 477 -1 -1 -1 0 
76 15 973 65 126 80 -1 -1 -1 0 
76 27 297 0 168 131 -1 -1 -1 0 
76 29 1523 0 374 144 -1 -1 -1 0 
76 30 470 12 64 58 -1 -1 -1 0 
77 2 1741 160 178 157 -1 -1 -1 0 
77 5 509 64 90 77 -1 -1 -1 0 
77 13 1164 3 490 479 -1 -1 -1 0 
77 15 975 66 127 80 -1 -1 -1 0 
77 27 296 0 169 131 -1 -1 -1 0 
77 29 1528 0 372 146 -1 -1 -1 0 
77 30 470 12 67 58 -1 -1 -1 0 
78 2 1743 161 176 158 -1 -1 -1 0 
78 5 508 65 94 77 -1 -1 -1 0 
78 13 1168 3 489 485 -1 -1 -1 0 
78 15 978 67 125 81 -1 -1 -1 0 
78 27 296 0 169 131 -1 -1 -1 0 
78 29 1534 0 369 147 -1 -1 -1 0 
78 30 469 12 69 58 -1 -1 -1 0 
79 2 1746 162 173 159 -1 -1 -1 0 
79 5 509 66 92 77 -1 -1 -1 0 
79 13 1169 4 493 489 -1 -1 -1 0 
79 15 981 69 125 81 -1 -1 -1 0 
79 27 296 0 170 130 -1 -1 -1 0 
79 29 1539 0 367 150 -1 -1 -1 0 
79 30 470 12 68 58 -1 -1 -1 0 
80 2 1748 163 171 161 -1 -1 -1 0 
80 5 509 68 95 76 -1 -1 -1 0 
80 13 1169 5 503 492 -1 -1 -1 0 
80 15 984 70 126 83 -1 -1 -1 0 
80 27 298 0 168 131 -1 -1 -1 0 
80 29 1543 0 368 150 -1 -1 -1 0 
80 30 471 12 66 58 -1 -1 -1 0 
81 2 1748 164 171 163 -1 -1 -1 0 
81 5 511 68 94 77 -1 -1 -1 0 
81 13 1172 6 508 497 -1 -1 -1 0 
81 15 986 70 130 85 -1 -1 -1 0 
81 27 297 0 169 131 -1 -1 -1 0 
81 29 1546 0 368 152 -1 -1 -1 0 
81 30 470 12 68 57 -1 -1 -1 0 
82 2 1750 165 169 165 -1 -1 -1 0 
82 5 512 69 95 78 -1 -1 -1 0 
82 13 1175 6 513 502 -1 -1 -1 0 
82 15 991 70 128 85 -1 -1 -1 0 
82 27 297 0 169 131 -1 -1 -1 0 
82 29 1551 0 364 154 -1 -1 -1 0 
82 30 471 12 66 56 -1 -1 -1 0 
83 2 1753 166 166 166 -1 -1 -1 0 
83 5 514 70 97 79 -1 -1 -1 0 
83 13 1171 6 546 507 -1 -1 -1 0 
83 15 993 72 129 84 -1 -1 -1 0 
83 27 296 0 171 131 -1 -1 -1 0 
83 29 1553 0 365 155 -1 -1 -1 0 
83 30 472 12 64 56 -1 -1 -1 0 
84 2 1754 168 165 166 -1 -1 -1 0 
84 5 514 71 97 79 -1 -1 -1 0 
84 13 1179 7 541 511 -1 -1 -1 0 
84 15 995 72 130 86 -1 -1 -1 0 
84 27 296 0 170 131 -1 -1 -1 0 
84 29 1560 0 359 156 -1 -1 -1 0 
84 30 472 13 64 56 -1 -1 -1 0 
85 2 1756 171 163 165 -1 -1 -1 0 
85 5 516 71 96 80 -1 -1 -1 0 
85 13 1180 7 549 516 -1 -1 -1 0 
85 15 997 73 131 87 -1 -1 -1 0 
85 27 296 0 170 131 -1 -1 -1 0 
85 29 1561 0 358 157 -1 -1 -1 0 
85 30 471 13 65 56 -1 -1 -1 0 
86 2 1759 172 160 166 -1 -1 -1 0 
86 5 517 72 97 82 -1 -1 -1 0 
86 13 1181 9 567 519 -1 -1 -1 0 
86 15 1000 72 131 90 -1 -1 -1 0 
86 27 296 0 170 131 -1 -1 -1 0 
86 29 1562 0 357 157 -1 -1 -1 0 
86 30 472 13 63 56 -1 -1 -1 0 
87 2 1761 174 158 165 -1 -1 -1 0 
87 5 517 73 100 82 -1 -1 -1 0 
87 13 1185 8 573 526 -1 -1 -1 0 
87 15 1003 73 131 90 -1 -1 -1 0 
87 27 296 0 171 131 -1 -1 -1 0 
87 29 1565 0 354 158 -1 -1 -1 0 
87 30 473 14 62 56 -1 -1 -1 0 
88 2 1763 175 156 166 -1 -1 -1 0 
88 5 518 73 99 84 -1 -1 -1 0 
88 13 1189 9 576 531 -1 -1 -1 0 
88 15 1007 68 136 97 -1 -1 -1 0 
88 27 296 0 171 131 -1 -1 -1 0 
88 29 1572 0 345 163 -1 -1 -1 0 
88 30 473 14 62 56 -1 -1 -1 0 
89 2 1766 174 153 169 -1 -1 -1 0 
89 5 517 76 102 83 -1 -1 -1 0 
89 13 1193 10 578 535 -1 -1 -1 0 
89 15 1009 71 142 96 -1 -1 -1 0 
89 27 294 0 172 132 -1 -1 -1 0 
89 29 1575 0 344 164 -1 -1 -1 0 
89 30 472 14 64 56 -1 -1 -1 0 
90 2 1767 175 152 170 -1 -1 -1 0 
90 5 520 76 99 85 -1 -1 -1 0 
90 13 1195 9 581 541 -1 -1 -1 0 
90 15 1013 72 135 96 -1 -1 -1 0 
90 27 293 0 173 132 -1 -1 -1 0 
90 29 1576 0 343 164 -1 -1 -1 0 
90 30 473 14 62 56 -1 -1 -1 0 
91 2 1770 176 149 172 -1 -1 -1 0 
91 5 520 77 102 85 -1 -1 -1 0 
91 13 1197 11 588 544 -1 -1 -1 0 
91 15 1013 77 146 93 -1 -1 -1 0 
91 27 293 0 172 133 -1 -1 -1 0 
91 29 1579 0 340 166 -1 -1 -1 0 
91 30 473 15 62 55 -1 -1 -1 0 
92 2 1772 178 147 172 -1 -1 -1 0 
92 5 520 78 105 85 -1 -1 -1 0 
92 13 1200 13 596 545 -1 -1 -1 0 
92 15 1017 81 146 90 -1 -1 -1 0 
92 27 291 0 175 133 -1 -1 -1 0 
92 29 1583 0 336 168 -1 -1 -1 0 
92 30 473 15 63 56 -1 -1 -1 0 
