3 1 1761 317 158 214 -1 -1 -1 0 
3 2 1481 63 171 98 -1 -1 -1 0 
3 3 981 547 462 128 -1 -1 -1 0 
3 4 1040 0 309 269 -1 -1 -1 0 
3 5 471 15 68 69 -1 -1 -1 0 
3 6 1849 88 52 79 -1 -1 -1 0 
3 7 1487 594 396 82 -1 -1 -1 0 
3 8 1478 0 130 71 -1 -1 -1 0 
4 1 1764 320 155 211 -1 -1 -1 0 
4 2 1486 67 172 97 -1 -1 -1 0 
4 3 1013 557 334 119 -1 -1 -1 0 
4 4 1042 1 308 270 -1 -1 -1 0 
4 5 469 13 71 71 -1 -1 -1 0 
4 6 1852 83 60 85 -1 -1 -1 0 
4 7 1490 594 392 82 -1 -1 -1 0 
4 8 1472 0 144 74 -1 -1 -1 0 
5 1 1769 323 150 207 -1 -1 -1 0 
5 2 1491 68 171 98 -1 -1 -1 0 
5 3 1005 577 359 99 -1 -1 -1 0 
5 4 1044 0 312 273 -1 -1 -1 0 
5 5 469 13 72 71 -1 -1 -1 0 
5 6 1859 84 57 88 -1 -1 -1 0 
5 7 1492 593 390 83 -1 -1 -1 0 
5 8 1475 0 139 75 -1 -1 -1 0 
6 1 1775 326 144 200 -1 -1 -1 0 
6 2 1496 67 172 101 -1 -1 -1 0 
6 3 1012 592 448 84 -1 -1 -1 0 
6 4 1048 1 308 273 -1 -1 -1 0 
6 5 470 12 71 73 -1 -1 -1 0 
6 6 1865 87 54 89 -1 -1 -1 0 
6 7 1492 593 392 83 -1 -1 -1 0 
6 8 1458 0 161 73 -1 -1 -1 0 
7 1 1779 328 140 191 -1 -1 -1 0 
7 2 1501 69 172 101 -1 -1 -1 0 
7 3 1045 608 432 69 -1 -1 -1 0 
7 4 1049 1 310 275 -1 -1 -1 0 
7 5 472 15 69 70 -1 -1 -1 0 
7 6 1870 89 49 85 -1 -1 -1 0 
7 7 1494 593 388 83 -1 -1 -1 0 
7 8 1456 0 165 75 -1 -1 -1 0 
7 13 1048 0 311 277 -1 -1 -1 0 
8 1 1785 329 134 186 -1 -1 -1 0 
8 2 1506 70 173 101 -1 -1 -1 0 
8 3 1071 624 410 53 -1 -1 -1 0 
8 4 1051 1 310 278 -1 -1 -1 0 
8 5 472 16 70 69 -1 -1 -1 0 
8 6 1874 89 45 87 -1 -1 -1 0 
8 7 1494 593 389 83 -1 -1 -1 0 
8 8 1463 0 159 75 -1 -1 -1 0 
8 13 1049 0 311 277 -1 -1 -1 0 
9 1 1791 333 128 179 -1 -1 -1 0 
9 2 1511 71 172 103 -1 -1 -1 0 
9 3 1137 637 307 40 -1 -1 -1 0 
9 4 1052 0 311 280 -1 -1 -1 0 
9 5 472 17 70 68 -1 -1 -1 0 
9 6 1881 89 38 85 -1 -1 -1 0 
9 7 1492 592 391 84 -1 -1 -1 0 
9 8 1449 0 178 76 -1 -1 -1 0 
9 13 1050 0 313 279 -1 -1 -1 0 
9 15 855 35 63 39 -1 -1 -1 0 
9 16 1737 60 40 52 -1 -1 -1 0 
10 1 1795 337 123 174 -1 -1 -1 0 
10 2 1514 73 174 103 -1 -1 -1 0 
10 4 1054 0 311 283 -1 -1 -1 0 
10 5 472 14 70 71 -1 -1 -1 0 
10 6 1888 92 31 83 -1 -1 -1 0 
10 7 1492 592 392 84 -1 -1 -1 0 
10 8 1439 0 192 78 -1 -1 -1 0 
10 13 1051 0 315 282 -1 -1 -1 0 
10 15 860 39 56 34 -1 -1 -1 0 
10 16 1740 65 44 49 -1 -1 -1 0 
11 1 1802 339 116 172 -1 -1 -1 0 
11 2 1519 72 173 105 -1 -1 -1 0 
11 4 1055 0 313 285 -1 -1 -1 0 
11 5 471 12 72 74 -1 -1 -1 0 
11 6 1891 97 28 79 -1 -1 -1 0 
11 7 1493 592 390 84 -1 -1 -1 0 
11 8 1438 0 197 78 -1 -1 -1 0 
11 13 1054 0 314 284 -1 -1 -1 0 
11 16 1744 63 44 53 -1 -1 -1 0 
12 1 1806 341 113 172 -1 -1 -1 0 
12 2 1522 75 177 102 -1 -1 -1 0 
12 4 1058 0 311 286 -1 -1 -1 0 
12 5 470 9 73 78 -1 -1 -1 0 
12 6 1899 107 20 70 -1 -1 -1 0 
12 7 1493 592 390 84 -1 -1 -1 0 
12 8 1445 0 191 79 -1 -1 -1 0 
12 13 1055 0 315 286 -1 -1 -1 0 
12 16 1747 65 45 52 -1 -1 -1 0 
13 1 1812 344 107 171 -1 -1 -1 0 
13 2 1528 76 175 103 -1 -1 -1 0 
13 4 1058 0 314 288 -1 -1 -1 0 
13 5 470 9 74 79 -1 -1 -1 0 
13 6 1903 109 16 69 -1 -1 -1 0 
13 7 1494 592 389 84 -1 -1 -1 0 
13 8 1446 0 197 79 -1 -1 -1 0 
13 13 1056 0 317 287 -1 -1 -1 0 
13 16 1750 66 46 53 -1 -1 -1 0 
14 1 1817 347 102 169 -1 -1 -1 0 
14 2 1533 76 175 105 -1 -1 -1 0 
14 4 1058 0 317 290 -1 -1 -1 0 
14 5 471 12 74 77 -1 -1 -1 0 
14 7 1495 592 388 84 -1 -1 -1 0 
14 8 1450 0 197 79 -1 -1 -1 0 
14 15 859 37 66 38 -1 -1 -1 0 
14 16 1757 64 42 55 -1 -1 -1 0 
15 1 1822 352 97 165 -1 -1 -1 0 
15 2 1538 75 175 108 -1 -1 -1 0 
15 4 1060 0 318 292 -1 -1 -1 0 
15 5 472 11 73 78 -1 -1 -1 0 
15 7 1494 592 389 84 -1 -1 -1 0 
15 8 1459 0 193 80 -1 -1 -1 0 
15 15 860 38 66 37 -1 -1 -1 0 
15 16 1761 62 44 58 -1 -1 -1 0 
16 1 1828 356 91 156 -1 -1 -1 0 
16 2 1541 78 178 107 -1 -1 -1 0 
16 4 1061 0 320 294 -1 -1 -1 0 
16 5 472 12 74 78 -1 -1 -1 0 
16 7 1494 592 389 84 -1 -1 -1 0 
16 8 1447 0 211 81 -1 -1 -1 0 
16 13 1062 0 317 295 -1 -1 -1 0 
16 16 1763 68 48 54 -1 -1 -1 0 
16 20 1675 34 46 49 -1 -1 -1 0 
17 1 1835 359 84 156 -1 -1 -1 0 
17 2 1545 80 179 108 -1 -1 -1 0 
17 4 1062 0 322 296 -1 -1 -1 0 
17 5 472 12 74 78 -1 -1 -1 0 
17 7 1494 592 389 84 -1 -1 -1 0 
17 8 1442 0 221 81 -1 -1 -1 0 
17 13 1064 0 318 297 -1 -1 -1 0 
17 15 871 44 62 30 -1 -1 -1 0 
17 16 1768 67 48 57 -1 -1 -1 0 
17 20 1676 33 48 51 -1 -1 -1 0 
18 1 1840 365 79 149 -1 -1 -1 0 
18 2 1548 81 179 108 -1 -1 -1 0 
18 4 1064 0 322 298 -1 -1 -1 0 
18 5 471 10 76 80 -1 -1 -1 0 
18 7 1494 592 389 84 -1 -1 -1 0 
18 8 1431 0 241 83 -1 -1 -1 0 
18 15 872 45 61 30 -1 -1 -1 0 
18 16 1772 69 46 56 -1 -1 -1 0 
18 20 1685 40 47 46 -1 -1 -1 0 
19 1 1847 369 72 146 -1 -1 -1 0 
19 2 1554 83 179 108 -1 -1 -1 0 
19 4 1066 0 322 300 -1 -1 -1 0 
19 5 471 10 75 81 -1 -1 -1 0 
19 7 1494 592 389 84 -1 -1 -1 0 
19 8 1427 0 247 84 -1 -1 -1 0 
19 15 873 46 61 29 -1 -1 -1 0 
19 16 1776 73 47 53 -1 -1 -1 0 
19 20 1688 41 48 47 -1 -1 -1 0 
20 1 1853 375 66 141 -1 -1 -1 0 
20 2 1558 84 179 109 -1 -1 -1 0 
20 4 1068 0 322 303 -1 -1 -1 0 
20 5 470 9 77 83 -1 -1 -1 0 
20 7 1493 592 390 84 -1 -1 -1 0 
20 8 1435 0 238 85 -1 -1 -1 0 
20 15 875 45 60 31 -1 -1 -1 0 
20 16 1782 76 44 52 -1 -1 -1 0 
21 1 1859 383 60 135 -1 -1 -1 0 
21 2 1563 85 178 110 -1 -1 -1 0 
21 4 1066 2 329 304 -1 -1 -1 0 
21 5 471 9 77 83 -1 -1 -1 0 
21 7 1493 592 391 84 -1 -1 -1 0 
21 8 1430 0 253 86 -1 -1 -1 0 
21 15 875 44 62 33 -1 -1 -1 0 
21 16 1786 74 46 55 -1 -1 -1 0 
22 1 1866 389 53 133 -1 -1 -1 0 
22 2 1568 86 177 111 -1 -1 -1 0 
22 4 1070 2 325 306 -1 -1 -1 0 
22 5 470 9 79 84 -1 -1 -1 0 
22 7 1493 593 391 83 -1 -1 -1 0 
22 8 1437 0 247 87 -1 -1 -1 0 
22 15 874 43 65 35 -1 -1 -1 0 
22 16 1790 72 46 59 -1 -1 -1 0 
22 20 1709 51 43 44 -1 -1 -1 0 
23 1 1872 396 47 128 -1 -1 -1 0 
23 2 1571 87 181 112 -1 -1 -1 0 
23 4 1069 2 330 308 -1 -1 -1 0 
23 5 470 11 81 81 -1 -1 -1 0 
23 7 1493 593 391 82 -1 -1 -1 0 
23 8 1453 0 233 89 -1 -1 -1 0 
23 15 870 34 71 42 -1 -1 -1 0 
23 16 1793 71 47 61 -1 -1 -1 0 
23 20 1714 51 43 46 -1 -1 -1 0 
24 1 1879 401 40 126 -1 -1 -1 0 
24 2 1576 88 180 112 -1 -1 -1 0 
24 4 1072 2 327 311 -1 -1 -1 0 
24 5 470 11 81 81 -1 -1 -1 0 
24 7 1494 593 390 82 -1 -1 -1 0 
24 8 1460 0 233 89 -1 -1 -1 0 
24 13 1072 1 329 312 -1 -1 -1 0 
24 15 863 28 82 49 -1 -1 -1 0 
24 16 1797 74 49 60 -1 -1 -1 0 
24 20 1717 53 46 45 -1 -1 -1 0 
25 1 1887 408 32 122 -1 -1 -1 0 
25 2 1580 90 181 113 -1 -1 -1 0 
25 4 1072 1 330 316 -1 -1 -1 0 
25 5 470 11 81 82 -1 -1 -1 0 
25 7 1494 594 389 82 -1 -1 -1 0 
25 8 1422 0 282 89 -1 -1 -1 0 
25 13 1072 0 332 315 -1 -1 -1 0 
25 15 855 25 95 54 -1 -1 -1 0 
25 16 1802 74 48 62 -1 -1 -1 0 
25 20 1722 50 43 50 -1 -1 -1 0 
26 1 1892 413 27 118 -1 -1 -1 0 
26 2 1583 92 181 113 -1 -1 -1 0 
26 4 1073 1 331 318 -1 -1 -1 0 
26 5 473 24 79 69 -1 -1 -1 0 
26 7 1494 594 390 82 -1 -1 -1 0 
26 8 1411 0 296 92 -1 -1 -1 0 
26 13 1074 0 332 318 -1 -1 -1 0 
26 15 854 24 97 55 -1 -1 -1 0 
26 16 1808 75 49 63 -1 -1 -1 0 
26 20 1727 52 43 50 -1 -1 -1 0 
27 2 1586 93 182 114 -1 -1 -1 0 
27 4 1075 2 334 318 -1 -1 -1 0 
27 5 475 27 77 67 -1 -1 -1 0 
27 8 1424 0 282 93 -1 -1 -1 0 
27 13 1075 0 334 320 -1 -1 -1 0 
27 15 859 25 91 58 -1 -1 -1 0 
27 16 1814 75 49 66 -1 -1 -1 0 
28 2 1592 94 180 116 -1 -1 -1 0 
28 4 1077 0 332 322 -1 -1 -1 0 
28 5 473 16 79 79 -1 -1 -1 0 
28 8 1423 0 288 94 -1 -1 -1 0 
28 13 1077 0 333 322 -1 -1 -1 0 
28 15 858 26 96 58 -1 -1 -1 0 
28 16 1820 73 47 72 -1 -1 -1 0 
28 20 1731 57 48 45 -1 -1 -1 0 
29 2 1592 95 188 116 -1 -1 -1 0 
29 4 1078 0 335 325 -1 -1 -1 0 
29 5 470 15 83 80 -1 -1 -1 0 
29 8 1410 0 308 95 -1 -1 -1 0 
29 13 1078 0 336 325 -1 -1 -1 0 
29 15 857 27 100 58 -1 -1 -1 0 
29 16 1824 75 50 70 -1 -1 -1 0 
29 20 1737 59 48 45 -1 -1 -1 0 
30 2 1596 96 186 117 -1 -1 -1 0 
30 4 1081 0 338 327 -1 -1 -1 0 
30 5 469 15 85 81 -1 -1 -1 0 
30 8 1431 0 284 96 -1 -1 -1 0 
30 13 1081 0 337 327 -1 -1 -1 0 
30 15 861 27 97 60 -1 -1 -1 0 
30 16 1831 71 47 76 -1 -1 -1 0 
30 20 1741 60 50 47 -1 -1 -1 0 
31 2 1603 97 183 119 -1 -1 -1 0 
31 4 1083 0 338 328 -1 -1 -1 0 
31 5 471 22 85 75 -1 -1 -1 0 
31 8 1434 0 281 96 -1 -1 -1 0 
31 13 1082 0 339 330 -1 -1 -1 0 
31 15 861 27 99 61 -1 -1 -1 0 
31 16 1834 73 52 78 -1 -1 -1 0 
31 20 1749 59 45 49 -1 -1 -1 0 
31 27 313 0 153 144 -1 -1 -1 0 
31 28 311 0 153 137 -1 -1 -1 0 
31 29 1486 0 232 94 -1 -1 -1 0 
32 2 1605 98 184 120 -1 -1 -1 0 
32 4 1084 0 340 330 -1 -1 -1 0 
32 5 473 27 83 70 -1 -1 -1 0 
32 8 1396 0 335 97 -1 -1 -1 0 
32 13 1083 0 341 332 -1 -1 -1 0 
32 15 863 27 102 62 -1 -1 -1 0 
32 16 1841 74 50 79 -1 -1 -1 0 
32 20 1752 61 48 49 -1 -1 -1 0 
32 27 313 0 152 144 -1 -1 -1 0 
32 28 311 0 152 137 -1 -1 -1 0 
32 29 1482 0 243 95 -1 -1 -1 0 
33 2 1609 99 184 121 -1 -1 -1 0 
33 4 1085 0 343 333 -1 -1 -1 0 
33 5 475 30 81 67 -1 -1 -1 0 
33 8 1391 0 337 97 -1 -1 -1 0 
33 13 1084 0 342 334 -1 -1 -1 0 
33 15 865 28 104 61 -1 -1 -1 0 
33 16 1846 77 51 79 -1 -1 -1 0 
33 20 1757 62 48 50 -1 -1 -1 0 
33 27 313 0 152 145 -1 -1 -1 0 
33 28 311 0 152 138 -1 -1 -1 0 
33 29 1405 0 333 95 -1 -1 -1 0 
34 2 1611 101 187 121 -1 -1 -1 0 
34 4 1086 0 347 337 -1 -1 -1 0 
34 5 475 32 81 66 -1 -1 -1 0 
34 8 1386 0 346 98 -1 -1 -1 0 
34 15 867 29 103 62 -1 -1 -1 0 
34 16 1853 72 48 85 -1 -1 -1 0 
34 20 1766 67 45 49 -1 -1 -1 0 
34 27 313 0 152 144 -1 -1 -1 0 
34 28 311 0 153 138 -1 -1 -1 0 
34 29 1475 0 243 98 -1 -1 -1 0 
34 30 466 8 63 48 -1 -1 -1 0 
35 2 1615 102 185 122 -1 -1 -1 0 
35 4 1088 0 349 340 -1 -1 -1 0 
35 5 476 32 80 67 -1 -1 -1 0 
35 15 870 29 100 63 -1 -1 -1 0 
35 16 1856 75 55 81 -1 -1 -1 0 
35 20 1771 64 44 54 -1 -1 -1 0 
35 27 311 0 155 144 -1 -1 -1 0 
35 29 1481 0 250 99 -1 -1 -1 0 
35 30 467 9 62 48 -1 -1 -1 0 
36 2 1618 104 187 121 -1 -1 -1 0 
36 4 1090 0 350 342 -1 -1 -1 0 
36 5 477 34 81 65 -1 -1 -1 0 
36 15 869 30 106 63 -1 -1 -1 0 
36 16 1864 73 51 87 -1 -1 -1 0 
36 20 1774 65 47 55 -1 -1 -1 0 
36 27 308 0 158 144 -1 -1 -1 0 
36 29 1480 0 255 99 -1 -1 -1 0 
36 30 469 10 59 47 -1 -1 -1 0 
37 2 1625 105 184 124 -1 -1 -1 0 
37 4 1093 0 350 345 -1 -1 -1 0 
37 5 476 34 83 65 -1 -1 -1 0 
37 8 1464 0 271 101 -1 -1 -1 0 
37 13 1095 0 347 344 -1 -1 -1 0 
37 15 867 30 113 65 -1 -1 -1 0 
37 16 1871 77 48 84 -1 -1 -1 0 
37 20 1778 69 51 52 -1 -1 -1 0 
37 27 307 0 159 144 -1 -1 -1 0 
37 29 1471 0 273 100 -1 -1 -1 0 
37 30 467 10 64 48 -1 -1 -1 0 
38 2 1629 107 184 124 -1 -1 -1 0 
38 4 1094 0 353 346 -1 -1 -1 0 
38 5 478 34 80 66 -1 -1 -1 0 
38 8 1467 0 273 102 -1 -1 -1 0 
38 13 1094 0 353 347 -1 -1 -1 0 
38 15 866 32 130 64 -1 -1 -1 0 
38 16 1876 78 43 85 -1 -1 -1 0 
38 20 1783 70 51 53 -1 -1 -1 0 
38 27 306 0 160 144 -1 -1 -1 0 
38 29 1486 0 261 101 -1 -1 -1 0 
38 30 468 10 62 49 -1 -1 -1 0 
39 2 1632 107 185 126 -1 -1 -1 0 
39 4 1096 0 354 348 -1 -1 -1 0 
39 5 474 31 85 70 -1 -1 -1 0 
39 13 1097 0 352 350 -1 -1 -1 0 
39 15 869 32 122 65 -1 -1 -1 0 
39 20 1788 68 49 57 -1 -1 -1 0 
39 27 307 0 157 144 -1 -1 -1 0 
39 29 1491 0 257 102 -1 -1 -1 0 
39 30 464 10 73 47 -1 -1 -1 0 
40 2 1636 108 186 128 -1 -1 -1 0 
40 5 474 32 87 69 -1 -1 -1 0 
40 13 1097 0 356 352 -1 -1 -1 0 
40 15 873 33 115 65 -1 -1 -1 0 
40 20 1795 61 44 65 -1 -1 -1 0 
40 27 307 0 157 143 -1 -1 -1 0 
40 29 1485 0 273 103 -1 -1 -1 0 
40 30 468 10 80 56 -1 -1 -1 0 
41 2 1638 110 188 128 -1 -1 -1 0 
41 5 472 27 89 74 -1 -1 -1 0 
41 13 1099 0 357 355 -1 -1 -1 0 
41 15 873 33 115 67 -1 -1 -1 0 
41 20 1798 59 47 68 -1 -1 -1 0 
41 29 1464 0 304 103 -1 -1 -1 0 
41 30 468 10 83 58 -1 -1 -1 0 
42 2 1642 111 188 129 -1 -1 -1 0 
42 5 471 16 89 87 -1 -1 -1 0 
42 13 1099 0 360 358 -1 -1 -1 0 
42 15 881 33 114 68 -1 -1 -1 0 
42 20 1803 60 46 69 -1 -1 -1 0 
42 29 1468 0 298 104 -1 -1 -1 0 
43 2 1646 112 187 130 -1 -1 -1 0 
43 5 472 30 94 74 -1 -1 -1 0 
43 13 1100 0 362 360 -1 -1 -1 0 
43 15 885 35 113 69 -1 -1 -1 0 
43 20 1806 69 53 61 -1 -1 -1 0 
43 29 1466 0 304 104 -1 -1 -1 0 
43 30 467 8 70 54 -1 -1 -1 0 
43 31 1905 99 14 68 -1 -1 -1 0 
44 2 1649 113 188 131 -1 -1 -1 0 
44 5 477 35 89 69 -1 -1 -1 0 
44 13 1102 0 364 363 -1 -1 -1 0 
44 15 885 37 117 67 -1 -1 -1 0 
44 20 1814 69 48 63 -1 -1 -1 0 
44 29 1444 0 330 104 -1 -1 -1 0 
44 30 467 8 67 52 -1 -1 -1 0 
44 31 1908 105 11 62 -1 -1 -1 0 
45 2 1652 115 188 131 -1 -1 -1 0 
45 5 482 37 83 67 -1 -1 -1 0 
45 13 1104 0 366 366 -1 -1 -1 0 
45 15 892 37 107 69 -1 -1 -1 0 
45 20 1818 70 50 64 -1 -1 -1 0 
45 29 1445 0 331 105 -1 -1 -1 0 
45 30 467 8 66 50 -1 -1 -1 0 
46 2 1654 116 189 131 -1 -1 -1 0 
46 5 484 40 82 65 -1 -1 -1 0 
46 13 1104 0 371 369 -1 -1 -1 0 
46 15 893 41 111 66 -1 -1 -1 0 
46 20 1821 78 53 58 -1 -1 -1 0 
46 29 1450 0 327 107 -1 -1 -1 0 
46 30 468 8 65 50 -1 -1 -1 0 
47 2 1659 118 188 131 -1 -1 -1 0 
47 5 484 42 82 64 -1 -1 -1 0 
47 13 1105 0 374 372 -1 -1 -1 0 
47 15 895 40 111 66 -1 -1 -1 0 
47 20 1828 70 46 63 -1 -1 -1 0 
47 29 1436 0 350 107 -1 -1 -1 0 
47 30 467 9 67 51 -1 -1 -1 0 
48 2 1662 119 189 132 -1 -1 -1 0 
48 5 489 44 78 63 -1 -1 -1 0 
48 13 1106 0 377 375 -1 -1 -1 0 
48 15 898 39 110 68 -1 -1 -1 0 
48 20 1832 71 47 63 -1 -1 -1 0 
48 27 308 0 157 143 -1 -1 -1 0 
48 29 1435 0 352 108 -1 -1 -1 0 
48 30 468 9 68 53 -1 -1 -1 0 
49 2 1664 120 192 134 -1 -1 -1 0 
49 5 491 44 76 63 -1 -1 -1 0 
49 13 1110 0 377 379 -1 -1 -1 0 
49 15 898 39 112 69 -1 -1 -1 0 
49 27 308 0 157 143 -1 -1 -1 0 
49 29 1455 0 330 110 -1 -1 -1 0 
49 30 467 9 71 55 -1 -1 -1 0 
50 2 1667 122 192 135 -1 -1 -1 0 
50 5 492 44 75 64 -1 -1 -1 0 
50 13 1112 0 382 382 -1 -1 -1 0 
50 15 897 41 118 68 -1 -1 -1 0 
50 29 1447 0 349 109 -1 -1 -1 0 
50 30 467 10 70 54 -1 -1 -1 0 
51 2 1671 124 190 136 -1 -1 -1 0 
51 5 494 45 74 66 -1 -1 -1 0 
51 13 1113 0 386 385 -1 -1 -1 0 
51 15 897 42 126 68 -1 -1 -1 0 
51 27 300 0 169 138 -1 -1 -1 0 
51 28 301 0 166 134 -1 -1 -1 0 
51 29 1462 0 333 112 -1 -1 -1 0 
51 30 468 10 70 54 -1 -1 -1 0 
52 2 1673 124 192 137 -1 -1 -1 0 
52 5 493 46 78 66 -1 -1 -1 0 
52 13 1114 0 390 388 -1 -1 -1 0 
52 15 902 43 128 68 -1 -1 -1 0 
52 27 301 0 166 137 -1 -1 -1 0 
52 28 300 0 167 133 -1 -1 -1 0 
52 29 1452 0 352 111 -1 -1 -1 0 
52 30 467 11 75 53 -1 -1 -1 0 
53 2 1677 125 192 138 -1 -1 -1 0 
53 5 494 47 77 64 -1 -1 -1 0 
53 13 1115 0 393 392 -1 -1 -1 0 
53 15 908 44 121 67 -1 -1 -1 0 
53 27 301 0 167 139 -1 -1 -1 0 
53 29 1478 0 319 114 -1 -1 -1 0 
53 30 468 11 73 53 -1 -1 -1 0 
54 2 1680 126 193 139 -1 -1 -1 0 
54 5 496 46 74 66 -1 -1 -1 0 
54 13 1116 0 395 395 -1 -1 -1 0 
54 15 912 45 118 67 -1 -1 -1 0 
54 27 296 0 172 139 -1 -1 -1 0 
54 29 1477 0 329 115 -1 -1 -1 0 
54 30 469 11 70 53 -1 -1 -1 0 
55 2 1685 126 192 141 -1 -1 -1 0 
55 5 495 47 78 66 -1 -1 -1 0 
55 13 1117 0 399 398 -1 -1 -1 0 
55 15 917 45 112 68 -1 -1 -1 0 
55 27 296 0 172 137 -1 -1 -1 0 
55 29 1472 0 343 118 -1 -1 -1 0 
55 30 469 11 70 53 -1 -1 -1 0 
56 2 1686 129 195 140 -1 -1 -1 0 
56 5 495 46 79 67 -1 -1 -1 0 
56 13 1117 0 405 400 -1 -1 -1 0 
56 15 920 45 111 70 -1 -1 -1 0 
56 27 297 0 171 138 -1 -1 -1 0 
56 29 1480 0 336 118 -1 -1 -1 0 
56 30 469 12 70 51 -1 -1 -1 0 
57 2 1689 130 196 142 -1 -1 -1 0 
57 5 495 48 79 66 -1 -1 -1 0 
57 13 1120 0 407 403 -1 -1 -1 0 
57 15 922 46 113 71 -1 -1 -1 0 
57 27 298 0 169 138 -1 -1 -1 0 
57 29 1482 0 336 121 -1 -1 -1 0 
57 30 469 12 69 51 -1 -1 -1 0 
58 2 1693 131 193 145 -1 -1 -1 0 
58 5 493 49 83 67 -1 -1 -1 0 
58 13 1122 0 409 406 -1 -1 -1 0 
58 15 925 46 110 72 -1 -1 -1 0 
58 27 298 0 170 137 -1 -1 -1 0 
58 29 1484 0 339 122 -1 -1 -1 0 
58 30 470 13 67 49 -1 -1 -1 0 
59 2 1696 132 193 147 -1 -1 -1 0 
59 5 494 49 82 67 -1 -1 -1 0 
59 13 1126 0 411 410 -1 -1 -1 0 
59 15 923 47 131 73 -1 -1 -1 0 
59 27 299 0 169 138 -1 -1 -1 0 
59 29 1483 0 346 124 -1 -1 -1 0 
59 30 471 13 64 50 -1 -1 -1 0 
59 34 1489 592 397 84 -1 -1 -1 0 
60 2 1698 135 197 146 -1 -1 -1 0 
60 5 493 49 83 69 -1 -1 -1 0 
60 13 1125 0 420 413 -1 -1 -1 0 
60 15 930 48 122 73 -1 -1 -1 0 
60 27 299 0 170 138 -1 -1 -1 0 
60 29 1485 0 350 125 -1 -1 -1 0 
60 30 471 13 65 50 -1 -1 -1 0 
60 34 1489 592 397 84 -1 -1 -1 0 
61 2 1700 138 198 146 -1 -1 -1 0 
61 5 491 50 88 70 -1 -1 -1 0 
61 13 1126 0 424 417 -1 -1 -1 0 
61 15 932 49 119 73 -1 -1 -1 0 
61 27 299 0 169 137 -1 -1 -1 0 
61 29 1486 0 353 127 -1 -1 -1 0 
61 30 470 14 68 48 -1 -1 -1 0 
61 34 1489 592 397 84 -1 -1 -1 0 
62 2 1703 139 198 147 -1 -1 -1 0 
62 5 490 52 91 68 -1 -1 -1 0 
62 13 1128 0 426 420 -1 -1 -1 0 
62 15 936 50 117 75 -1 -1 -1 0 
62 27 298 0 170 137 -1 -1 -1 0 
62 29 1486 0 357 128 -1 -1 -1 0 
62 30 472 14 63 50 -1 -1 -1 0 
62 34 1489 592 397 84 -1 -1 -1 0 
63 2 1705 141 200 147 -1 -1 -1 0 
63 5 495 52 86 69 -1 -1 -1 0 
63 13 1130 0 429 424 -1 -1 -1 0 
63 15 938 49 117 77 -1 -1 -1 0 
63 29 1489 0 356 128 -1 -1 -1 0 
63 30 470 14 66 49 -1 -1 -1 0 
63 34 1489 592 397 84 -1 -1 -1 0 
64 2 1709 142 197 147 -1 -1 -1 0 
64 5 498 53 84 70 -1 -1 -1 0 
64 13 1135 0 428 428 -1 -1 -1 0 
64 15 939 52 119 76 -1 -1 -1 0 
64 27 297 0 170 137 -1 -1 -1 0 
64 29 1491 0 359 129 -1 -1 -1 0 
64 30 471 14 63 51 -1 -1 -1 0 
64 34 1489 592 397 84 -1 -1 -1 0 
65 2 1712 143 197 148 -1 -1 -1 0 
65 5 501 52 82 72 -1 -1 -1 0 
65 13 1139 0 429 433 -1 -1 -1 0 
65 15 941 52 119 76 -1 -1 -1 0 
65 27 299 0 167 137 -1 -1 -1 0 
65 29 1491 0 364 131 -1 -1 -1 0 
65 30 470 14 64 51 -1 -1 -1 0 
65 34 1489 592 397 84 -1 -1 -1 0 
66 2 1715 144 199 148 -1 -1 -1 0 
66 5 501 53 84 72 -1 -1 -1 0 
66 13 1142 0 433 438 -1 -1 -1 0 
66 15 944 54 121 75 -1 -1 -1 0 
66 27 298 0 168 136 -1 -1 -1 0 
66 29 1490 0 371 132 -1 -1 -1 0 
66 30 469 14 66 51 -1 -1 -1 0 
66 34 1488 592 398 84 -1 -1 -1 0 
67 2 1717 145 201 149 -1 -1 -1 0 
67 5 503 53 83 73 -1 -1 -1 0 
67 13 1144 0 435 442 -1 -1 -1 0 
67 15 946 57 126 74 -1 -1 -1 0 
67 27 298 0 168 138 -1 -1 -1 0 
67 29 1495 0 367 133 -1 -1 -1 0 
67 30 470 14 64 53 -1 -1 -1 0 
67 34 1489 592 397 84 -1 -1 -1 0 
68 2 1720 147 199 149 -1 -1 -1 0 
68 5 502 54 87 73 -1 -1 -1 0 
68 13 1145 0 441 445 -1 -1 -1 0 
68 15 950 58 123 74 -1 -1 -1 0 
68 27 298 0 168 137 -1 -1 -1 0 
68 29 1497 0 367 133 -1 -1 -1 0 
68 30 470 14 63 55 -1 -1 -1 0 
68 34 1488 592 398 84 -1 -1 -1 0 
69 2 1722 148 197 151 -1 -1 -1 0 
69 5 503 56 88 74 -1 -1 -1 0 
69 13 1148 0 445 448 -1 -1 -1 0 
69 15 956 58 116 75 -1 -1 -1 0 
69 27 297 0 168 133 -1 -1 -1 0 
69 29 1501 0 366 135 -1 -1 -1 0 
69 30 470 14 64 55 -1 -1 -1 0 
69 34 1488 592 398 84 -1 -1 -1 0 
70 2 1725 150 194 152 -1 -1 -1 0 
70 5 504 56 86 75 -1 -1 -1 0 
70 13 1148 0 452 451 -1 -1 -1 0 
70 15 958 59 120 78 -1 -1 -1 0 
70 27 297 0 168 132 -1 -1 -1 0 
70 29 1505 0 366 137 -1 -1 -1 0 
70 30 471 13 61 59 -1 -1 -1 0 
70 34 1488 592 399 84 -1 -1 -1 0 
71 2 1728 151 191 154 -1 -1 -1 0 
71 5 504 57 88 75 -1 -1 -1 0 
71 13 1151 0 455 455 -1 -1 -1 0 
71 15 959 60 125 77 -1 -1 -1 0 
71 27 297 0 167 131 -1 -1 -1 0 
71 29 1509 0 365 139 -1 -1 -1 0 
71 30 470 13 62 58 -1 -1 -1 0 
72 2 1729 152 190 155 -1 -1 -1 0 
72 5 506 57 87 75 -1 -1 -1 0 
72 13 1151 0 467 459 -1 -1 -1 0 
72 15 963 61 123 77 -1 -1 -1 0 
72 27 297 0 168 131 -1 -1 -1 0 
72 29 1510 0 371 140 -1 -1 -1 0 
72 30 469 13 65 56 -1 -1 -1 0 
73 2 1732 152 187 157 -1 -1 -1 0 
73 5 507 60 87 74 -1 -1 -1 0 
73 13 1156 0 467 465 -1 -1 -1 0 
73 15 967 61 119 79 -1 -1 -1 0 
73 27 297 0 168 131 -1 -1 -1 0 
73 29 1511 0 377 141 -1 -1 -1 0 
73 30 469 13 65 56 -1 -1 -1 0 
74 2 1734 153 185 158 -1 -1 -1 0 
74 5 508 61 86 75 -1 -1 -1 0 
74 13 1156 1 472 468 -1 -1 -1 0 
74 15 967 62 127 79 -1 -1 -1 0 
74 27 296 0 170 131 -1 -1 -1 0 
74 29 1516 0 374 142 -1 -1 -1 0 
74 30 470 12 63 57 -1 -1 -1 0 
75 2 1736 155 183 158 -1 -1 -1 0 
75 5 509 61 87 77 -1 -1 -1 0 
75 13 1153 1 501 473 -1 -1 -1 0 
75 15 970 63 126 79 -1 -1 -1 0 
75 27 296 0 170 130 -1 -1 -1 0 
75 29 1518 0 379 142 -1 -1 -1 0 
75 30 471 12 62 58 -1 -1 -1 0 
76 2 1738 158 181 157 -1 -1 -1 0 
76 5 509 62 87 77 -1 -1 -1 0 
76 13 1163 1 486 477 -1 -1 -1 0 
76 15 973 65 126 80 -1 -1 -1 0 
76 27 297 0 168 131 -1 -1 -1 0 
76 29 1523 0 374 144 -1 -1 -1 0 
76 30 470 12 64 58 -1 -1 -1 0 
77 2 1741 160 178 157 -1 -1 -1 0 
77 5 509 64 90 77 -1 -1 -1 0 
77 13 1164 3 490 479 -1 -1 -1 0 
77 15 975 66 127 80 -1 -1 -1 0 
77 27 296 0 169 131 -1 -1 -1 0 
77 29 1528 0 372 146 -1 -1 -1 0 
77 30 470 12 67 58 -1 -1 -1 0 
78 2 1743 161 176 158 -1 -1 -1 0 
78 5 508 65 94 77 -1 -1 -1 0 
78 13 1168 3 489 485 -1 -1 -1 0 
78 15 978 67 125 81 -1 -1 -1 0 
78 27 296 0 169 131 -1 -1 -1 0 
78 29 1534 0 369 147 -1 -1 -1 0 
78 30 469 12 69 58 -1 -1 -1 0 
79 2 1746 162 173 159 -1 -1 -1 0 
79 5 509 66 92 77 -1 -1 -1 0 
79 13 1169 4 493 489 -1 -1 -1 0 
79 15 981 69 125 81 -1 -1 -1 0 
79 27 296 0 170 130 -1 -1 -1 0 
79 29 1539 0 367 150 -1 -1 -1 0 
79 30 470 12 68 58 -1 -1 -1 0 
80 2 1748 163 171 161 -1 -1 -1 0 
80 5 509 68 95 76 -1 -1 -1 0 
80 13 1169 5 503 492 -1 -1 -1 0 
80 15 984 70 126 83 -1 -1 -1 0 
80 27 298 0 168 131 -1 -1 -1 0 
80 29 1543 0 368 150 -1 -1 -1 0 
80 30 471 12 66 58 -1 -1 -1 0 
81 2 1748 164 171 163 -1 -1 -1 0 
81 5 511 68 94 77 -1 -1 -1 0 
81 13 1172 6 508 497 -1 -1 -1 0 
81 15 986 70 130 85 -1 -1 -1 0 
81 27 297 0 169 131 -1 -1 -1 0 
81 29 1546 0 368 152 -1 -1 -1 0 
81 30 470 12 68 57 -1 -1 -1 0 
82 2 1750 165 169 165 -1 -1 -1 0 
82 5 512 69 95 78 -1 -1 -1 0 
82 13 1175 6 513 502 -1 -1 -1 0 
82 15 991 70 128 85 -1 -1 -1 0 
82 27 297 0 169 131 -1 -1 -1 0 
82 29 1551 0 364 154 -1 -1 -1 0 
82 30 471 12 66 56 -1 -1 -1 0 
83 2 1753 166 166 166 -1 -1 -1 0 
83 5 514 70 97 79 -1 -1 -1 0 
83 13 1171 6 546 507 -1 -1 -1 0 
83 15 993 72 129 84 -1 -1 -1 0 
83 27 296 0 171 131 -1 -1 -1 0 
83 29 1553 0 365 155 -1 -1 -1 0 
83 30 472 12 64 56 -1 -1 -1 0 
84 2 1754 168 165 166 -1 -1 -1 0 
84 5 514 71 97 79 -1 -1 -1 0 
84 13 1179 7 541 511 -1 -1 -1 0 
84 15 995 72 130 86 -1 -1 -1 0 
84 27 296 0 170 131 -1 -1 -1 0 
84 29 1560 0 359 156 -1 -1 -1 0 
84 30 472 13 64 56 -1 -1 -1 0 
85 2 1756 171 163 165 -1 -1 -1 0 
85 5 516 71 96 80 -1 -1 -1 0 
85 13 1180 7 549 516 -1 -1 -1 0 
85 15 997 73 131 87 -1 -1 -1 0 
85 27 296 0 170 131 -1 -1 -1 0 
85 29 1561 0 358 157 -1 -1 -1 0 
85 30 471 13 65 56 -1 -1 -1 0 
86 2 1759 172 160 166 -1 -1 -1 0 
86 5 517 72 97 82 -1 -1 -1 0 
86 13 1181 9 567 519 -1 -1 -1 0 
86 15 1000 72 131 90 -1 -1 -1 0 
86 27 296 0 170 131 -1 -1 -1 0 
86 29 1562 0 357 157 -1 -1 -1 0 
86 30 472 13 63 56 -1 -1 -1 0 
87 2 1761 174 158 165 -1 -1 -1 0 
87 5 517 73 100 82 -1 -1 -1 0 
87 13 1185 8 573 526 -1 -1 -1 0 
87 15 1003 73 131 90 -1 -1 -1 0 
87 27 296 0 171 131 -1 -1 -1 0 
87 29 1565 0 354 158 -1 -1 -1 0 
87 30 473 14 62 56 -1 -1 -1 0 
88 2 1763 175 156 166 -1 -1 -1 0 
88 5 518 73 99 84 -1 -1 -1 0 
88 13 1189 9 576 531 -1 -1 -1 0 
88 15 1007 68 136 97 -1 -1 -1 0 
88 27 296 0 171 131 -1 -1 -1 0 
88 29 1572 0 345 163 -1 -1 -1 0 
88 30 473 14 62 56 -1 -1 -1 0 
89 2 1766 174 153 169 -1 -1 -1 0 
89 5 517 76 102 83 -1 -1 -1 0 
89 13 1193 10 578 535 -1 -1 -1 0 
89 15 1009 71 142 96 -1 -1 -1 0 
89 27 294 0 172 132 -1 -1 -1 0 
89 29 1575 0 344 164 -1 -1 -1 0 
89 30 472 14 64 56 -1 -1 -1 0 
90 2 1767 175 152 170 -1 -1 -1 0 
90 5 520 76 99 85 -1 -1 -1 0 
90 13 1195 9 581 541 -1 -1 -1 0 
90 15 1013 72 135 96 -1 -1 -1 0 
90 27 293 0 173 132 -1 -1 -1 0 
90 29 1576 0 343 164 -1 -1 -1 0 
90 30 473 14 62 56 -1 -1 -1 0 
91 2 1770 176 149 172 -1 -1 -1 0 
91 5 520 77 102 85 -1 -1 -1 0 
91 13 1197 11 588 544 -1 -1 -1 0 
91 15 1013 77 146 93 -1 -1 -1 0 
91 27 293 0 172 133 -1 -1 -1 0 
91 29 1579 0 340 166 -1 -1 -1 0 
91 30 473 15 62 55 -1 -1 -1 0 
92 2 1772 178 147 172 -1 -1 -1 0 
92 5 520 78 105 85 -1 -1 -1 0 
92 13 1200 13 596 545 -1 -1 -1 0 
92 15 1017 81 146 90 -1 -1 -1 0 
92 27 291 0 175 133 -1 -1 -1 0 
92 29 1583 0 336 168 -1 -1 -1 0 
92 30 473 15 63 56 -1 -1 -1 0 
93 2 1775 180 144 174 -1 -1 -1 0 
93 5 522 78 103 86 -1 -1 -1 0 
93 13 1205 14 595 550 -1 -1 -1 0 
93 15 1021 84 138 89 -1 -1 -1 0 
93 27 291 0 174 133 -1 -1 -1 0 
93 29 1586 0 332 171 -1 -1 -1 0 
93 30 474 14 61 57 -1 -1 -1 0 
94 2 1779 182 140 175 -1 -1 -1 0 
94 5 524 79 102 86 -1 -1 -1 0 
94 13 1206 16 601 556 -1 -1 -1 0 
94 15 1027 86 128 89 -1 -1 -1 0 
94 27 290 0 175 133 -1 -1 -1 0 
94 29 1587 0 332 171 -1 -1 -1 0 
94 30 474 13 61 58 -1 -1 -1 0 
95 2 1783 184 136 175 -1 -1 -1 0 
95 5 524 81 105 86 -1 -1 -1 0 
95 13 1210 18 605 561 -1 -1 -1 0 
95 15 1028 88 130 89 -1 -1 -1 0 
95 27 290 0 176 134 -1 -1 -1 0 
95 29 1592 0 326 173 -1 -1 -1 0 
95 30 472 13 64 58 -1 -1 -1 0 
96 2 1785 186 134 176 -1 -1 -1 0 
96 5 527 82 102 87 -1 -1 -1 0 
96 13 1212 19 614 566 -1 -1 -1 0 
96 15 1029 91 134 89 -1 -1 -1 0 
96 27 290 0 176 133 -1 -1 -1 0 
96 29 1596 0 322 175 -1 -1 -1 0 
96 30 473 13 62 58 -1 -1 -1 0 
97 2 1799 188 119 174 -1 -1 -1 0 
97 5 527 83 105 87 -1 -1 -1 0 
97 13 1216 20 617 570 -1 -1 -1 0 
97 15 1031 92 138 90 -1 -1 -1 0 
97 27 290 0 175 133 -1 -1 -1 0 
97 29 1599 0 320 177 -1 -1 -1 0 
97 30 473 13 62 58 -1 -1 -1 0 
98 2 1804 190 115 175 -1 -1 -1 0 
98 5 527 84 109 87 -1 -1 -1 0 
98 13 1218 18 624 578 -1 -1 -1 0 
98 15 1035 93 133 91 -1 -1 -1 0 
98 27 290 0 175 133 -1 -1 -1 0 
98 29 1600 0 319 177 -1 -1 -1 0 
98 30 472 14 64 57 -1 -1 -1 0 
99 2 1807 191 112 175 -1 -1 -1 0 
99 5 530 85 106 88 -1 -1 -1 0 
99 13 1220 20 631 582 -1 -1 -1 0 
99 15 1038 93 131 93 -1 -1 -1 0 
99 27 290 0 175 133 -1 -1 -1 0 
99 29 1601 0 318 178 -1 -1 -1 0 
99 30 472 14 64 58 -1 -1 -1 0 
100 2 1807 192 112 177 -1 -1 -1 0 
100 5 531 86 107 89 -1 -1 -1 0 
100 13 1224 22 636 585 -1 -1 -1 0 
100 15 1040 95 134 92 -1 -1 -1 0 
100 27 291 0 174 133 -1 -1 -1 0 
100 29 1605 0 314 178 -1 -1 -1 0 
100 30 473 14 62 58 -1 -1 -1 0 
101 2 1809 194 110 179 -1 -1 -1 0 
101 5 533 88 105 89 -1 -1 -1 0 
101 13 1230 22 637 595 -1 -1 -1 0 
101 15 1044 97 133 94 -1 -1 -1 0 
101 27 291 0 174 133 -1 -1 -1 0 
101 29 1609 0 309 180 -1 -1 -1 0 
101 30 472 13 64 59 -1 -1 -1 0 
102 2 1807 194 112 180 -1 -1 -1 0 
102 5 535 89 105 89 -1 -1 -1 0 
102 13 1231 25 649 600 -1 -1 -1 0 
102 15 1043 99 140 92 -1 -1 -1 0 
102 29 1612 0 307 181 -1 -1 -1 0 
102 30 471 13 66 59 -1 -1 -1 0 
103 2 1813 197 106 177 -1 -1 -1 0 
103 5 535 91 107 87 -1 -1 -1 0 
103 13 1233 27 662 606 -1 -1 -1 0 
103 15 1048 100 138 93 -1 -1 -1 0 
103 29 1617 0 300 184 -1 -1 -1 0 
103 30 472 13 64 59 -1 -1 -1 0 
104 2 1817 198 102 175 -1 -1 -1 0 
104 5 538 92 105 89 -1 -1 -1 0 
104 13 1239 28 663 613 -1 -1 -1 0 
104 15 1051 99 139 97 -1 -1 -1 0 
104 29 1620 0 297 185 -1 -1 -1 0 
104 30 472 13 65 59 -1 -1 -1 0 
105 2 1820 200 99 175 -1 -1 -1 0 
105 5 538 93 106 91 -1 -1 -1 0 
105 13 1241 28 669 620 -1 -1 -1 0 
105 15 1054 100 140 99 -1 -1 -1 0 
105 29 1624 0 294 188 -1 -1 -1 0 
105 30 473 13 63 59 -1 -1 -1 0 
106 5 538 94 111 92 -1 -1 -1 0 
106 13 1247 29 671 626 -1 -1 -1 0 
106 15 1057 101 137 101 -1 -1 -1 0 
106 29 1627 0 291 190 -1 -1 -1 0 
106 30 472 14 65 58 -1 -1 -1 0 
107 5 539 95 109 91 -1 -1 -1 0 
107 13 1256 26 658 639 -1 -1 -1 0 
107 15 1059 103 139 101 -1 -1 -1 0 
107 29 1629 0 290 192 -1 -1 -1 0 
107 30 473 14 63 59 -1 -1 -1 0 
108 5 539 96 111 92 -1 -1 -1 0 
108 13 1256 27 661 645 -1 -1 -1 0 
108 15 1063 103 136 103 -1 -1 -1 0 
108 29 1631 0 288 192 -1 -1 -1 0 
108 30 473 14 64 58 -1 -1 -1 0 
108 51 1063 102 135 103 -1 -1 -1 0 
109 5 542 97 110 93 -1 -1 -1 0 
109 13 1257 32 662 645 -1 -1 -1 0 
109 15 1061 105 146 103 -1 -1 -1 0 
109 29 1635 0 284 193 -1 -1 -1 0 
109 30 473 15 64 57 -1 -1 -1 0 
109 51 1064 105 137 102 -1 -1 -1 0 
110 5 542 97 113 94 -1 -1 -1 0 
110 13 1261 34 658 643 -1 -1 -1 0 
110 15 1063 106 147 104 -1 -1 -1 0 
110 29 1639 0 280 196 -1 -1 -1 0 
110 30 474 15 63 57 -1 -1 -1 0 
110 51 1068 106 135 104 -1 -1 -1 0 
111 5 542 98 115 95 -1 -1 -1 0 
111 13 1262 35 654 629 -1 -1 -1 0 
111 29 1643 0 275 197 -1 -1 -1 0 
111 30 474 15 63 57 -1 -1 -1 0 
111 51 1069 110 140 103 -1 -1 -1 0 
112 5 543 100 115 95 -1 -1 -1 0 
112 13 1270 36 646 637 -1 -1 -1 0 
112 29 1646 0 273 199 -1 -1 -1 0 
112 30 474 15 63 57 -1 -1 -1 0 
112 51 1072 110 137 107 -1 -1 -1 0 
113 5 544 101 117 95 -1 -1 -1 0 
113 13 1276 38 643 641 -1 -1 -1 0 
113 29 1644 0 275 198 -1 -1 -1 0 
113 30 473 15 64 56 -1 -1 -1 0 
113 51 1074 112 141 107 -1 -1 -1 0 
113 52 1198 15 52 48 -1 -1 -1 0 
114 5 545 102 118 96 -1 -1 -1 0 
114 13 1279 37 639 639 -1 -1 -1 0 
114 29 1647 0 272 200 -1 -1 -1 0 
114 30 474 15 62 56 -1 -1 -1 0 
114 51 1076 118 142 104 -1 -1 -1 0 
114 52 1202 16 52 47 -1 -1 -1 0 
115 5 548 104 116 95 -1 -1 -1 0 
115 13 1282 38 636 638 -1 -1 -1 0 
115 29 1651 0 267 204 -1 -1 -1 0 
115 30 473 15 64 56 -1 -1 -1 0 
115 51 1080 118 137 107 -1 -1 -1 0 
115 52 1204 19 53 43 -1 -1 -1 0 
116 5 548 106 119 95 -1 -1 -1 0 
116 13 1287 41 632 634 -1 -1 -1 0 
116 29 1634 0 285 161 -1 -1 -1 0 
116 30 474 15 63 56 -1 -1 -1 0 
116 51 1083 116 134 112 -1 -1 -1 0 
116 52 1206 18 50 42 -1 -1 -1 0 
117 5 552 107 117 97 -1 -1 -1 0 
117 13 1291 43 628 631 -1 -1 -1 0 
117 29 1651 0 268 149 -1 -1 -1 0 
117 30 474 15 63 55 -1 -1 -1 0 
117 51 1080 122 143 110 -1 -1 -1 0 
117 52 1204 12 54 47 -1 -1 -1 0 
118 5 552 109 119 97 -1 -1 -1 0 
118 13 1296 44 623 626 -1 -1 -1 0 
118 29 1662 0 253 150 -1 -1 -1 0 
118 30 473 15 64 55 -1 -1 -1 0 
118 51 1083 124 140 110 -1 -1 -1 0 
118 52 1200 14 63 44 -1 -1 -1 0 
119 5 554 110 119 98 -1 -1 -1 0 
119 13 1302 47 617 622 -1 -1 -1 0 
119 29 1664 0 254 148 -1 -1 -1 0 
119 30 473 15 64 55 -1 -1 -1 0 
119 51 1086 127 139 111 -1 -1 -1 0 
119 52 1201 16 65 43 -1 -1 -1 0 
120 5 555 112 121 98 -1 -1 -1 0 
120 13 1306 49 612 621 -1 -1 -1 0 
120 29 1669 0 247 150 -1 -1 -1 0 
120 30 474 15 63 55 -1 -1 -1 0 
120 51 1087 130 143 112 -1 -1 -1 0 
120 52 1192 15 77 45 -1 -1 -1 0 
120 59 337 233 137 77 -1 -1 -1 0 
121 5 558 114 118 98 -1 -1 -1 0 
121 13 1310 49 607 620 -1 -1 -1 0 
121 29 1671 0 247 150 -1 -1 -1 0 
121 30 474 15 64 55 -1 -1 -1 0 
121 51 1090 132 141 113 -1 -1 -1 0 
121 52 1196 13 72 47 -1 -1 -1 0 
121 59 337 233 138 77 -1 -1 -1 0 
122 5 559 116 120 97 -1 -1 -1 0 
122 13 1313 48 604 621 -1 -1 -1 0 
122 29 1673 0 244 152 -1 -1 -1 0 
122 30 473 15 65 55 -1 -1 -1 0 
122 51 1090 135 145 112 -1 -1 -1 0 
122 52 1194 10 78 52 -1 -1 -1 0 
122 59 337 233 138 77 -1 -1 -1 0 
123 5 560 117 122 99 -1 -1 -1 0 
123 13 1313 48 605 620 -1 -1 -1 0 
123 29 1678 0 238 157 -1 -1 -1 0 
123 30 474 15 64 55 -1 -1 -1 0 
123 51 1093 137 146 113 -1 -1 -1 0 
123 52 1190 9 87 54 -1 -1 -1 0 
124 5 561 118 124 100 -1 -1 -1 0 
124 13 1318 51 601 618 -1 -1 -1 0 
124 29 1679 0 238 155 -1 -1 -1 0 
124 30 474 15 64 55 -1 -1 -1 0 
124 51 1098 137 142 117 -1 -1 -1 0 
124 52 1190 10 90 53 -1 -1 -1 0 
125 5 563 118 123 102 -1 -1 -1 0 
125 13 1323 45 592 624 -1 -1 -1 0 
125 29 1681 0 237 154 -1 -1 -1 0 
125 30 474 15 64 55 -1 -1 -1 0 
125 51 1099 141 144 115 -1 -1 -1 0 
125 52 1195 11 89 53 -1 -1 -1 0 
126 5 565 120 122 103 -1 -1 -1 0 
126 13 1329 36 585 633 -1 -1 -1 0 
126 29 1684 0 234 153 -1 -1 -1 0 
126 30 474 15 64 55 -1 -1 -1 0 
126 51 1103 142 139 119 -1 -1 -1 0 
126 52 1195 10 93 54 -1 -1 -1 0 
127 5 566 120 123 105 -1 -1 -1 0 
127 13 1333 41 584 629 -1 -1 -1 0 
127 29 1688 0 230 154 -1 -1 -1 0 
127 30 474 15 64 55 -1 -1 -1 0 
127 51 1103 144 141 121 -1 -1 -1 0 
127 52 1191 11 106 53 -1 -1 -1 0 
128 5 567 121 125 106 -1 -1 -1 0 
128 13 1340 49 576 623 -1 -1 -1 0 
128 29 1690 0 228 156 -1 -1 -1 0 
128 30 474 15 64 55 -1 -1 -1 0 
128 51 1106 144 139 126 -1 -1 -1 0 
128 52 1193 11 106 54 -1 -1 -1 0 
129 5 568 122 127 107 -1 -1 -1 0 
129 13 1350 43 565 628 -1 -1 -1 0 
129 29 1692 0 226 158 -1 -1 -1 0 
129 30 474 15 64 55 -1 -1 -1 0 
129 51 1107 146 141 127 -1 -1 -1 0 
129 52 1198 11 102 56 -1 -1 -1 0 
130 5 571 124 126 107 -1 -1 -1 0 
130 13 1353 37 564 634 -1 -1 -1 0 
130 29 1694 0 224 159 -1 -1 -1 0 
130 30 474 15 64 55 -1 -1 -1 0 
130 51 1108 151 144 126 -1 -1 -1 0 
130 52 1197 11 104 56 -1 -1 -1 0 
131 5 572 126 128 108 -1 -1 -1 0 
131 13 1355 41 564 630 -1 -1 -1 0 
131 29 1696 0 222 162 -1 -1 -1 0 
131 30 474 15 64 55 -1 -1 -1 0 
131 51 1112 157 140 124 -1 -1 -1 0 
131 52 1199 11 103 59 -1 -1 -1 0 
132 5 575 128 127 108 -1 -1 -1 0 
132 13 1360 42 557 629 -1 -1 -1 0 
132 29 1697 0 221 164 -1 -1 -1 0 
132 30 474 15 64 55 -1 -1 -1 0 
132 51 1115 159 138 125 -1 -1 -1 0 
132 52 1202 11 102 60 -1 -1 -1 0 
133 5 577 129 129 110 -1 -1 -1 0 
133 13 1365 43 553 629 -1 -1 -1 0 
133 29 1699 0 219 165 -1 -1 -1 0 
133 30 474 15 64 55 -1 -1 -1 0 
133 51 1115 162 142 126 -1 -1 -1 0 
133 52 1203 10 106 62 -1 -1 -1 0 
134 5 578 131 131 110 -1 -1 -1 0 
134 29 1702 0 216 169 -1 -1 -1 0 
134 30 473 15 66 56 -1 -1 -1 0 
134 51 1118 165 139 127 -1 -1 -1 0 
134 52 1202 11 111 60 -1 -1 -1 0 
135 5 579 135 133 109 -1 -1 -1 0 
135 29 1704 0 215 168 -1 -1 -1 0 
135 30 474 15 65 56 -1 -1 -1 0 
135 51 1119 167 142 130 -1 -1 -1 0 
135 52 1205 11 111 61 -1 -1 -1 0 
136 5 582 136 130 112 -1 -1 -1 0 
136 29 1707 0 211 169 -1 -1 -1 0 
136 30 474 15 65 56 -1 -1 -1 0 
136 51 1118 171 146 130 -1 -1 -1 0 
136 52 1206 10 113 62 -1 -1 -1 0 
137 5 584 139 131 112 -1 -1 -1 0 
137 29 1710 0 209 169 -1 -1 -1 0 
137 30 474 15 65 57 -1 -1 -1 0 
137 51 1117 174 149 130 -1 -1 -1 0 
137 52 1205 10 119 63 -1 -1 -1 0 
137 59 336 234 139 76 -1 -1 -1 0 
138 5 585 141 132 113 -1 -1 -1 0 
138 29 1711 0 208 169 -1 -1 -1 0 
138 30 474 15 65 57 -1 -1 -1 0 
138 51 1120 176 148 134 -1 -1 -1 0 
138 52 1205 12 123 62 -1 -1 -1 0 
138 59 336 235 138 74 -1 -1 -1 0 
139 5 587 142 133 113 -1 -1 -1 0 
139 13 1402 75 514 594 -1 -1 -1 0 
139 29 1714 0 205 167 -1 -1 -1 0 
139 30 474 15 65 57 -1 -1 -1 0 
139 51 1122 179 148 134 -1 -1 -1 0 
139 52 1205 12 125 63 -1 -1 -1 0 
140 5 588 144 136 114 -1 -1 -1 0 
140 13 1408 77 508 592 -1 -1 -1 0 
140 29 1717 0 202 164 -1 -1 -1 0 
140 30 474 15 65 57 -1 -1 -1 0 
140 51 1123 184 151 133 -1 -1 -1 0 
140 52 1205 12 127 63 -1 -1 -1 0 
140 69 697 31 69 54 -1 -1 -1 0 
141 5 591 146 137 115 -1 -1 -1 0 
141 29 1718 0 201 161 -1 -1 -1 0 
141 30 474 15 65 57 -1 -1 -1 0 
141 51 1126 189 150 133 -1 -1 -1 0 
141 52 1204 12 131 64 -1 -1 -1 0 
141 69 656 28 115 60 -1 -1 -1 0 
142 5 592 148 140 116 -1 -1 -1 0 
142 29 1720 0 199 160 -1 -1 -1 0 
142 30 474 15 65 57 -1 -1 -1 0 
142 51 1128 192 150 136 -1 -1 -1 0 
142 52 1204 12 134 65 -1 -1 -1 0 
142 69 646 27 122 62 -1 -1 -1 0 
143 5 594 151 140 116 -1 -1 -1 0 
143 13 1428 101 491 569 -1 -1 -1 0 
143 29 1722 0 197 159 -1 -1 -1 0 
143 30 474 15 65 57 -1 -1 -1 0 
143 51 1129 196 152 137 -1 -1 -1 0 
143 52 1204 13 142 64 -1 -1 -1 0 
143 69 642 27 125 64 -1 -1 -1 0 
144 5 597 153 141 118 -1 -1 -1 0 
144 13 1434 105 485 565 -1 -1 -1 0 
144 29 1724 0 195 159 -1 -1 -1 0 
144 30 474 15 65 58 -1 -1 -1 0 
144 51 1131 199 152 139 -1 -1 -1 0 
144 52 1204 13 143 65 -1 -1 -1 0 
144 69 689 31 72 58 -1 -1 -1 0 
145 5 599 153 142 123 -1 -1 -1 0 
145 13 1443 112 469 563 -1 -1 -1 0 
145 29 1727 0 191 160 -1 -1 -1 0 
145 30 473 15 66 58 -1 -1 -1 0 
145 51 1133 202 153 141 -1 -1 -1 0 
145 52 1203 18 148 63 -1 -1 -1 0 
145 69 688 31 73 59 -1 -1 -1 0 
146 5 601 155 143 123 -1 -1 -1 0 
146 13 1448 114 468 558 -1 -1 -1 0 
146 29 1729 0 189 162 -1 -1 -1 0 
146 30 473 15 66 58 -1 -1 -1 0 
146 51 1135 205 151 144 -1 -1 -1 0 
146 52 1204 18 148 64 -1 -1 -1 0 
146 69 648 32 126 63 -1 -1 -1 0 
147 5 602 158 145 125 -1 -1 -1 0 
147 13 1453 116 463 555 -1 -1 -1 0 
147 29 1730 0 189 162 -1 -1 -1 0 
147 30 473 15 66 58 -1 -1 -1 0 
147 51 1134 209 156 145 -1 -1 -1 0 
147 52 1204 18 150 67 -1 -1 -1 0 
147 69 646 32 127 65 -1 -1 -1 0 
148 5 604 161 148 123 -1 -1 -1 0 
148 13 1462 118 454 553 -1 -1 -1 0 
148 29 1732 0 186 164 -1 -1 -1 0 
148 30 474 15 65 58 -1 -1 -1 0 
148 51 1131 211 164 149 -1 -1 -1 0 
148 52 1205 20 155 63 -1 -1 -1 0 
148 69 644 31 131 66 -1 -1 -1 0 
149 5 607 163 147 125 -1 -1 -1 0 
149 13 1467 121 449 550 -1 -1 -1 0 
149 29 1735 0 183 166 -1 -1 -1 0 
149 30 474 15 65 58 -1 -1 -1 0 
149 51 1135 216 161 151 -1 -1 -1 0 
149 52 1241 20 113 63 -1 -1 -1 0 
149 69 648 32 128 67 -1 -1 -1 0 
150 5 610 165 147 126 -1 -1 -1 0 
150 13 1474 124 442 547 -1 -1 -1 0 
150 29 1734 0 185 167 -1 -1 -1 0 
150 30 474 15 65 58 -1 -1 -1 0 
150 51 1134 219 165 155 -1 -1 -1 0 
150 52 1249 21 111 63 -1 -1 -1 0 
150 69 643 32 134 68 -1 -1 -1 0 
151 5 609 167 154 127 -1 -1 -1 0 
151 13 1485 125 430 546 -1 -1 -1 0 
151 29 1740 0 177 169 -1 -1 -1 0 
151 30 472 15 67 56 -1 -1 -1 0 
151 51 1136 224 165 157 -1 -1 -1 0 
151 52 1253 21 115 63 -1 -1 -1 0 
151 59 332 216 139 94 -1 -1 -1 0 
152 5 612 171 155 128 -1 -1 -1 0 
152 13 1496 129 419 543 -1 -1 -1 0 
152 29 1742 0 176 172 -1 -1 -1 0 
152 30 474 15 63 55 -1 -1 -1 0 
152 51 1139 226 164 161 -1 -1 -1 0 
152 52 1253 21 120 63 -1 -1 -1 0 
152 59 329 219 145 92 -1 -1 -1 0 
153 5 616 173 154 130 -1 -1 -1 0 
153 13 1502 131 415 541 -1 -1 -1 0 
153 29 1744 0 174 177 -1 -1 -1 0 
153 30 474 15 63 55 -1 -1 -1 0 
153 51 1138 233 171 161 -1 -1 -1 0 
153 52 1253 23 123 62 -1 -1 -1 0 
153 59 331 219 141 93 -1 -1 -1 0 
153 69 692 37 89 65 -1 -1 -1 0 
153 71 303 0 160 143 -1 -1 -1 0 
153 72 313 0 153 147 -1 -1 -1 0 
154 5 618 175 155 131 -1 -1 -1 0 
154 13 1513 135 403 536 -1 -1 -1 0 
154 29 1747 0 172 179 -1 -1 -1 0 
154 30 474 15 63 56 -1 -1 -1 0 
154 51 1141 237 170 164 -1 -1 -1 0 
154 52 1260 24 114 62 -1 -1 -1 0 
154 59 330 216 141 95 -1 -1 -1 0 
154 69 677 36 112 67 -1 -1 -1 0 
154 71 303 0 160 143 -1 -1 -1 0 
154 72 313 0 153 147 -1 -1 -1 0 
155 5 621 177 156 133 -1 -1 -1 0 
155 13 1523 139 392 531 -1 -1 -1 0 
155 29 1747 0 172 178 -1 -1 -1 0 
155 30 473 15 65 56 -1 -1 -1 0 
155 51 1142 241 172 166 -1 -1 -1 0 
155 52 1262 24 119 63 -1 -1 -1 0 
155 59 330 214 141 97 -1 -1 -1 0 
155 69 700 37 84 67 -1 -1 -1 0 
155 71 303 0 159 143 -1 -1 -1 0 
155 72 313 0 152 147 -1 -1 -1 0 
156 5 623 181 157 134 -1 -1 -1 0 
156 13 1533 143 383 527 -1 -1 -1 0 
156 29 1748 0 171 176 -1 -1 -1 0 
156 30 474 14 63 57 -1 -1 -1 0 
156 51 1145 246 172 169 -1 -1 -1 0 
156 52 1268 23 117 65 -1 -1 -1 0 
156 59 329 214 143 97 -1 -1 -1 0 
156 69 702 37 84 68 -1 -1 -1 0 
156 71 303 0 160 144 -1 -1 -1 0 
156 72 314 0 152 147 -1 -1 -1 0 
157 5 625 184 159 134 -1 -1 -1 0 
157 13 1542 149 375 522 -1 -1 -1 0 
157 29 1750 0 169 176 -1 -1 -1 0 
157 30 474 14 63 57 -1 -1 -1 0 
157 51 1146 252 175 171 -1 -1 -1 0 
157 52 1271 24 117 65 -1 -1 -1 0 
157 59 328 213 144 98 -1 -1 -1 0 
157 69 688 38 106 68 -1 -1 -1 0 
157 71 304 0 158 144 -1 -1 -1 0 
157 72 314 0 151 147 -1 -1 -1 0 
158 5 628 187 162 136 -1 -1 -1 0 
158 13 1550 152 366 520 -1 -1 -1 0 
158 29 1751 0 168 177 -1 -1 -1 0 
158 30 473 14 65 57 -1 -1 -1 0 
158 51 1148 256 177 174 -1 -1 -1 0 
158 52 1273 24 121 66 -1 -1 -1 0 
158 69 666 37 134 70 -1 -1 -1 0 
158 71 304 0 159 144 -1 -1 -1 0 
158 72 315 0 151 147 -1 -1 -1 0 
158 75 1672 57 42 49 -1 -1 -1 0 
159 5 629 190 166 137 -1 -1 -1 0 
159 13 1558 153 358 519 -1 -1 -1 0 
159 29 1753 0 166 177 -1 -1 -1 0 
159 30 474 14 63 57 -1 -1 -1 0 
159 51 1150 260 179 178 -1 -1 -1 0 
159 52 1277 24 121 67 -1 -1 -1 0 
159 69 692 37 99 70 -1 -1 -1 0 
159 71 305 0 158 144 -1 -1 -1 0 
159 72 315 0 151 147 -1 -1 -1 0 
159 75 1674 57 42 48 -1 -1 -1 0 
160 5 633 193 165 139 -1 -1 -1 0 
160 13 1566 157 351 515 -1 -1 -1 0 
160 29 1755 0 164 177 -1 -1 -1 0 
160 30 474 14 63 57 -1 -1 -1 0 
160 51 1152 266 183 181 -1 -1 -1 0 
160 52 1281 23 119 69 -1 -1 -1 0 
160 69 703 38 92 69 -1 -1 -1 0 
160 72 313 0 153 147 -1 -1 -1 0 
160 75 1677 55 42 51 -1 -1 -1 0 
161 5 637 196 166 140 -1 -1 -1 0 
161 29 1755 0 164 176 -1 -1 -1 0 
161 30 474 14 63 58 -1 -1 -1 0 
161 51 1152 272 189 182 -1 -1 -1 0 
161 52 1281 23 125 70 -1 -1 -1 0 
161 69 703 40 98 68 -1 -1 -1 0 
161 72 313 0 153 147 -1 -1 -1 0 
161 75 1678 56 43 51 -1 -1 -1 0 
162 5 641 198 165 144 -1 -1 -1 0 
162 13 1588 160 329 513 -1 -1 -1 0 
162 29 1758 0 161 175 -1 -1 -1 0 
162 30 473 14 66 58 -1 -1 -1 0 
162 51 1155 276 188 187 -1 -1 -1 0 
162 52 1283 24 128 70 -1 -1 -1 0 
162 69 702 40 99 69 -1 -1 -1 0 
162 72 315 0 150 147 -1 -1 -1 0 
162 75 1682 59 42 50 -1 -1 -1 0 
163 5 643 201 167 146 -1 -1 -1 0 
163 13 1597 163 320 511 -1 -1 -1 0 
163 29 1760 0 159 175 -1 -1 -1 0 
163 30 474 14 65 58 -1 -1 -1 0 
163 51 1157 277 191 196 -1 -1 -1 0 
163 52 1286 25 129 69 -1 -1 -1 0 
163 69 702 40 103 70 -1 -1 -1 0 
163 72 316 0 149 147 -1 -1 -1 0 
163 75 1686 60 40 52 -1 -1 -1 0 
164 5 646 204 171 148 -1 -1 -1 0 
164 13 1606 168 311 506 -1 -1 -1 0 
164 29 1760 0 159 181 -1 -1 -1 0 
164 30 473 14 66 59 -1 -1 -1 0 
164 51 1156 285 200 197 -1 -1 -1 0 
164 52 1288 25 131 70 -1 -1 -1 0 
164 69 703 40 104 71 -1 -1 -1 0 
164 72 316 0 150 147 -1 -1 -1 0 
164 75 1688 59 41 53 -1 -1 -1 0 
165 5 649 209 173 147 -1 -1 -1 0 
165 13 1613 171 305 502 -1 -1 -1 0 
165 29 1761 0 158 185 -1 -1 -1 0 
165 30 473 14 67 59 -1 -1 -1 0 
165 51 1157 293 203 198 -1 -1 -1 0 
165 52 1290 26 131 69 -1 -1 -1 0 
165 69 704 42 103 69 -1 -1 -1 0 
165 72 316 0 150 147 -1 -1 -1 0 
165 75 1690 58 42 57 -1 -1 -1 0 
166 5 652 211 173 150 -1 -1 -1 0 
166 13 1630 175 286 498 -1 -1 -1 0 
166 29 1760 0 159 188 -1 -1 -1 0 
166 30 473 14 67 59 -1 -1 -1 0 
166 51 1159 303 206 198 -1 -1 -1 0 
166 52 1294 27 131 69 -1 -1 -1 0 
166 59 331 221 142 91 -1 -1 -1 0 
166 69 707 42 103 71 -1 -1 -1 0 
166 75 1691 59 45 57 -1 -1 -1 0 
167 5 655 215 175 151 -1 -1 -1 0 
167 13 1639 178 277 495 -1 -1 -1 0 
167 29 1763 0 155 193 -1 -1 -1 0 
167 30 474 14 66 59 -1 -1 -1 0 
167 51 1162 310 208 200 -1 -1 -1 0 
167 52 1298 27 130 69 -1 -1 -1 0 
167 59 332 220 140 92 -1 -1 -1 0 
167 69 706 43 108 73 -1 -1 -1 0 
167 75 1693 66 48 51 -1 -1 -1 0 
168 5 658 219 177 154 -1 -1 -1 0 
168 13 1656 185 260 490 -1 -1 -1 0 
168 29 1764 0 154 199 -1 -1 -1 0 
168 30 474 14 66 59 -1 -1 -1 0 
168 51 1165 317 209 205 -1 -1 -1 0 
168 52 1304 26 125 70 -1 -1 -1 0 
168 59 332 220 140 92 -1 -1 -1 0 
168 69 708 43 107 74 -1 -1 -1 0 
168 75 1696 71 49 48 -1 -1 -1 0 
169 5 661 222 180 157 -1 -1 -1 0 
169 13 1666 189 251 486 -1 -1 -1 0 
169 29 1766 0 152 203 -1 -1 -1 0 
169 30 474 14 66 59 -1 -1 -1 0 
169 51 1167 323 214 211 -1 -1 -1 0 
169 52 1309 26 122 72 -1 -1 -1 0 
169 69 708 44 110 74 -1 -1 -1 0 
169 75 1699 70 47 50 -1 -1 -1 0 
170 5 664 225 182 160 -1 -1 -1 0 
170 29 1765 0 154 207 -1 -1 -1 0 
170 30 474 14 66 59 -1 -1 -1 0 
170 51 1170 326 216 220 -1 -1 -1 0 
170 52 1308 26 130 73 -1 -1 -1 0 
170 59 331 221 142 91 -1 -1 -1 0 
170 69 708 45 112 73 -1 -1 -1 0 
170 75 1703 74 44 47 -1 -1 -1 0 
170 77 1307 30 128 69 -1 -1 -1 0 
171 5 666 228 187 162 -1 -1 -1 0 
171 29 1767 0 151 218 -1 -1 -1 0 
171 30 474 14 65 59 -1 -1 -1 0 
171 51 1169 335 227 222 -1 -1 -1 0 
171 52 1310 29 132 70 -1 -1 -1 0 
171 59 331 222 142 90 -1 -1 -1 0 
171 69 710 45 109 75 -1 -1 -1 0 
171 72 317 0 149 147 -1 -1 -1 0 
171 75 1706 80 44 42 -1 -1 -1 0 
171 77 1314 29 125 71 -1 -1 -1 0 
172 5 669 233 189 161 -1 -1 -1 0 
172 29 1767 0 152 219 -1 -1 -1 0 
172 30 474 14 65 59 -1 -1 -1 0 
172 51 1173 344 230 224 -1 -1 -1 0 
172 52 1317 29 128 73 -1 -1 -1 0 
172 59 332 220 140 92 -1 -1 -1 0 
172 69 709 46 112 73 -1 -1 -1 0 
172 72 317 0 148 147 -1 -1 -1 0 
172 75 1709 82 43 41 -1 -1 -1 0 
172 77 1316 30 129 71 -1 -1 -1 0 
172 78 1588 51 49 37 -1 -1 -1 0 
173 5 673 237 190 163 -1 -1 -1 0 
173 29 1769 0 150 223 -1 -1 -1 0 
173 30 474 13 66 60 -1 -1 -1 0 
173 51 1178 352 227 239 -1 -1 -1 0 
173 52 1321 29 128 74 -1 -1 -1 0 
173 59 332 219 140 93 -1 -1 -1 0 
173 69 712 50 115 72 -1 -1 -1 0 
173 72 318 0 148 147 -1 -1 -1 0 
173 75 1715 76 39 49 -1 -1 -1 0 
173 77 1320 31 128 71 -1 -1 -1 0 
173 78 1591 51 48 38 -1 -1 -1 0 
174 5 677 241 191 166 -1 -1 -1 0 
174 29 1771 0 147 229 -1 -1 -1 0 
174 30 473 13 67 60 -1 -1 -1 0 
174 51 1176 361 242 238 -1 -1 -1 0 
174 52 1323 30 129 74 -1 -1 -1 0 
174 59 332 219 140 93 -1 -1 -1 0 
174 69 715 51 103 63 -1 -1 -1 0 
174 72 318 0 148 147 -1 -1 -1 0 
174 75 1716 77 42 49 -1 -1 -1 0 
174 77 1322 32 129 70 -1 -1 -1 0 
174 78 1592 51 52 38 -1 -1 -1 0 
175 5 681 245 193 168 -1 -1 -1 0 
175 29 1773 0 145 236 -1 -1 -1 0 
175 30 473 13 67 60 -1 -1 -1 0 
175 51 1181 369 247 239 -1 -1 -1 0 
175 52 1324 32 131 72 -1 -1 -1 0 
175 59 331 218 142 94 -1 -1 -1 0 
175 69 720 50 91 64 -1 -1 -1 0 
175 72 318 0 147 147 -1 -1 -1 0 
175 75 1717 75 43 52 -1 -1 -1 0 
175 77 1326 32 126 73 -1 -1 -1 0 
175 78 1596 51 50 39 -1 -1 -1 0 
176 5 686 249 192 172 -1 -1 -1 0 
176 13 1759 223 159 448 -1 -1 -1 0 
176 29 1776 0 142 249 -1 -1 -1 0 
176 30 473 13 67 60 -1 -1 -1 0 
176 51 1186 378 248 244 -1 -1 -1 0 
176 52 1325 33 132 72 -1 -1 -1 0 
176 59 331 219 142 93 -1 -1 -1 0 
176 69 721 51 80 61 -1 -1 -1 0 
176 72 318 0 148 147 -1 -1 -1 0 
176 75 1719 77 44 51 -1 -1 -1 0 
176 77 1329 33 126 73 -1 -1 -1 0 
176 78 1597 50 53 40 -1 -1 -1 0 
176 79 749 80 86 46 -1 -1 -1 0 
177 5 687 253 200 175 -1 -1 -1 0 
177 13 1774 232 144 440 -1 -1 -1 0 
177 29 1776 0 142 267 -1 -1 -1 0 
177 30 473 13 67 60 -1 -1 -1 0 
177 51 1189 387 259 251 -1 -1 -1 0 
177 52 1326 33 139 72 -1 -1 -1 0 
177 59 332 219 140 93 -1 -1 -1 0 
177 69 719 55 109 67 -1 -1 -1 0 
177 72 318 0 148 147 -1 -1 -1 0 
177 75 1722 82 44 49 -1 -1 -1 0 
177 78 1599 51 55 40 -1 -1 -1 0 
177 79 753 82 82 43 -1 -1 -1 0 
178 5 691 257 202 177 -1 -1 -1 0 
178 13 1786 236 133 436 -1 -1 -1 0 
178 29 1776 0 141 290 -1 -1 -1 0 
178 30 473 13 67 60 -1 -1 -1 0 
178 51 1194 396 265 257 -1 -1 -1 0 
178 52 1331 34 137 72 -1 -1 -1 0 
178 59 332 219 140 93 -1 -1 -1 0 
178 69 720 56 111 68 -1 -1 -1 0 
178 72 318 0 148 147 -1 -1 -1 0 
178 75 1724 79 44 51 -1 -1 -1 0 
178 78 1601 54 56 37 -1 -1 -1 0 
178 79 752 80 87 48 -1 -1 -1 0 
179 5 695 261 204 181 -1 -1 -1 0 
179 13 1805 246 113 425 -1 -1 -1 0 
179 29 1776 0 142 312 -1 -1 -1 0 
179 30 473 13 67 60 -1 -1 -1 0 
179 51 1197 405 271 264 -1 -1 -1 0 
179 52 1337 35 133 73 -1 -1 -1 0 
179 59 332 218 141 94 -1 -1 -1 0 
179 69 725 54 112 74 -1 -1 -1 0 
179 72 318 0 148 147 -1 -1 -1 0 
179 75 1728 76 41 55 -1 -1 -1 0 
179 78 1610 56 48 37 -1 -1 -1 0 
179 79 754 80 87 49 -1 -1 -1 0 
180 5 700 265 204 185 -1 -1 -1 0 
180 13 1818 251 100 419 -1 -1 -1 0 
180 29 1777 0 141 327 -1 -1 -1 0 
180 30 473 13 67 60 -1 -1 -1 0 
180 51 1196 413 287 266 -1 -1 -1 0 
180 52 1339 36 135 73 -1 -1 -1 0 
180 69 726 56 118 75 -1 -1 -1 0 
180 75 1730 77 42 55 -1 -1 -1 0 
180 78 1612 57 53 37 -1 -1 -1 0 
181 5 701 271 213 185 -1 -1 -1 0 
181 29 1777 0 142 336 -1 -1 -1 0 
181 30 474 13 65 60 -1 -1 -1 0 
181 51 1200 424 289 255 -1 -1 -1 0 
181 52 1343 35 135 74 -1 -1 -1 0 
181 69 731 57 114 76 -1 -1 -1 0 
181 72 317 0 149 147 -1 -1 -1 0 
181 75 1734 76 40 57 -1 -1 -1 0 
181 78 1615 59 52 36 -1 -1 -1 0 
182 5 707 274 214 189 -1 -1 -1 0 
182 29 1777 0 142 342 -1 -1 -1 0 
182 30 474 13 65 60 -1 -1 -1 0 
182 51 1198 437 306 242 -1 -1 -1 0 
182 52 1347 36 133 75 -1 -1 -1 0 
182 69 733 58 115 77 -1 -1 -1 0 
182 72 317 0 149 147 -1 -1 -1 0 
182 75 1736 77 41 57 -1 -1 -1 0 
182 77 1350 25 136 81 -1 -1 -1 0 
182 78 1619 59 51 36 -1 -1 -1 0 
183 5 711 280 216 191 -1 -1 -1 0 
183 29 1777 0 142 346 -1 -1 -1 0 
183 30 473 13 67 60 -1 -1 -1 0 
183 51 1200 450 313 229 -1 -1 -1 0 
183 52 1347 39 135 73 -1 -1 -1 0 
183 69 732 60 125 77 -1 -1 -1 0 
183 77 1354 25 136 81 -1 -1 -1 0 
183 78 1621 57 51 40 -1 -1 -1 0 
184 5 715 285 221 194 -1 -1 -1 0 
184 29 1779 0 140 348 -1 -1 -1 0 
184 30 474 13 65 60 -1 -1 -1 0 
184 51 1201 463 319 216 -1 -1 -1 0 
184 52 1349 38 139 74 -1 -1 -1 0 
184 69 732 60 131 79 -1 -1 -1 0 
184 75 1739 79 45 57 -1 -1 -1 0 
184 78 1623 56 53 41 -1 -1 -1 0 
185 5 719 290 225 197 -1 -1 -1 0 
185 29 1781 0 138 351 -1 -1 -1 0 
185 30 474 13 65 60 -1 -1 -1 0 
185 51 1201 469 331 210 -1 -1 -1 0 
185 52 1352 39 138 75 -1 -1 -1 0 
185 69 739 63 118 78 -1 -1 -1 0 
185 75 1743 82 43 55 -1 -1 -1 0 
185 78 1626 57 51 41 -1 -1 -1 0 
186 5 725 295 226 200 -1 -1 -1 0 
186 29 1782 0 137 353 -1 -1 -1 0 
186 30 474 14 64 59 -1 -1 -1 0 
186 51 1201 486 344 193 -1 -1 -1 0 
186 52 1358 40 134 75 -1 -1 -1 0 
186 69 743 62 115 80 -1 -1 -1 0 
186 75 1745 81 42 57 -1 -1 -1 0 
186 78 1631 56 49 43 -1 -1 -1 0 
187 5 730 300 229 203 -1 -1 -1 0 
187 29 1783 0 136 356 -1 -1 -1 0 
187 30 474 14 64 59 -1 -1 -1 0 
187 51 1202 500 348 179 -1 -1 -1 0 
187 52 1362 39 134 76 -1 -1 -1 0 
187 69 742 63 119 80 -1 -1 -1 0 
187 75 1747 81 43 58 -1 -1 -1 0 
187 78 1635 57 50 43 -1 -1 -1 0 
187 80 804 15 73 44 -1 -1 -1 0 
188 5 733 306 236 208 -1 -1 -1 0 
188 29 1785 0 134 358 -1 -1 -1 0 
188 30 475 14 62 59 -1 -1 -1 0 
188 51 1204 514 379 165 -1 -1 -1 0 
188 52 1365 41 135 75 -1 -1 -1 0 
188 69 745 66 120 79 -1 -1 -1 0 
188 75 1750 81 41 59 -1 -1 -1 0 
188 78 1639 57 50 45 -1 -1 -1 0 
188 80 799 16 79 43 -1 -1 -1 0 
189 5 740 313 235 211 -1 -1 -1 0 
189 29 1785 1 134 359 -1 -1 -1 0 
189 30 473 14 65 58 -1 -1 -1 0 
189 51 1250 529 332 150 -1 -1 -1 0 
189 52 1369 41 133 76 -1 -1 -1 0 
189 69 751 67 115 80 -1 -1 -1 0 
189 75 1752 80 41 60 -1 -1 -1 0 
189 78 1642 56 50 46 -1 -1 -1 0 
189 80 803 16 73 44 -1 -1 -1 0 
190 5 746 319 239 214 -1 -1 -1 0 
190 29 1785 3 134 359 -1 -1 -1 0 
190 30 474 14 63 58 -1 -1 -1 0 
190 51 1263 541 322 138 -1 -1 -1 0 
190 52 1370 41 140 77 -1 -1 -1 0 
190 69 755 68 113 80 -1 -1 -1 0 
190 75 1753 82 42 58 -1 -1 -1 0 
190 78 1644 58 52 44 -1 -1 -1 0 
190 80 801 14 76 47 -1 -1 -1 0 
191 5 751 324 242 218 -1 -1 -1 0 
191 29 1786 7 133 357 -1 -1 -1 0 
191 30 474 15 63 56 -1 -1 -1 0 
191 52 1373 43 136 76 -1 -1 -1 0 
191 59 331 218 142 94 -1 -1 -1 0 
191 69 752 70 120 81 -1 -1 -1 0 
191 75 1758 82 39 59 -1 -1 -1 0 
191 78 1648 60 53 45 -1 -1 -1 0 
191 80 813 14 63 47 -1 -1 -1 0 
192 5 756 331 246 222 -1 -1 -1 0 
192 29 1788 2 131 365 -1 -1 -1 0 
192 30 474 15 62 56 -1 -1 -1 0 
192 52 1372 43 145 77 -1 -1 -1 0 
192 59 330 218 143 95 -1 -1 -1 0 
192 69 753 71 123 82 -1 -1 -1 0 
192 75 1761 82 36 62 -1 -1 -1 0 
192 78 1652 57 52 48 -1 -1 -1 0 
192 80 817 12 61 49 -1 -1 -1 0 
193 5 760 338 253 225 -1 -1 -1 0 
193 29 1788 2 131 368 -1 -1 -1 0 
193 30 474 15 62 56 -1 -1 -1 0 
193 52 1379 44 141 77 -1 -1 -1 0 
193 69 756 72 125 82 -1 -1 -1 0 
193 75 1764 82 35 62 -1 -1 -1 0 
193 78 1657 56 51 50 -1 -1 -1 0 
193 80 818 11 62 51 -1 -1 -1 0 
194 5 767 345 254 230 -1 -1 -1 0 
194 29 1789 5 130 367 -1 -1 -1 0 
194 30 475 15 61 57 -1 -1 -1 0 
194 52 1385 44 138 78 -1 -1 -1 0 
194 69 760 73 122 82 -1 -1 -1 0 
194 75 1766 77 33 68 -1 -1 -1 0 
194 78 1659 56 55 51 -1 -1 -1 0 
194 80 816 10 65 53 -1 -1 -1 0 
195 5 774 352 259 235 -1 -1 -1 0 
195 29 1790 4 129 372 -1 -1 -1 0 
195 30 475 15 61 57 -1 -1 -1 0 
195 52 1386 47 139 76 -1 -1 -1 0 
195 69 762 74 122 83 -1 -1 -1 0 
195 75 1769 77 32 69 -1 -1 -1 0 
195 78 1664 57 52 53 -1 -1 -1 0 
195 80 811 10 74 55 -1 -1 -1 0 
196 5 779 359 264 240 -1 -1 -1 0 
196 29 1791 3 128 376 -1 -1 -1 0 
196 30 475 15 61 57 -1 -1 -1 0 
196 52 1389 48 138 76 -1 -1 -1 0 
196 59 330 218 143 95 -1 -1 -1 0 
196 69 763 76 126 84 -1 -1 -1 0 
196 78 1667 57 54 56 -1 -1 -1 0 
196 80 817 11 66 53 -1 -1 -1 0 
197 5 785 366 269 246 -1 -1 -1 0 
197 29 1791 4 128 379 -1 -1 -1 0 
197 30 474 15 63 57 -1 -1 -1 0 
197 52 1392 49 137 76 -1 -1 -1 0 
197 59 330 218 143 95 -1 -1 -1 0 
197 69 766 77 125 85 -1 -1 -1 0 
197 78 1670 60 53 56 -1 -1 -1 0 
197 80 819 13 67 51 -1 -1 -1 0 
197 84 1422 0 138 71 -1 -1 -1 0 
198 5 792 374 274 251 -1 -1 -1 0 
198 29 1791 9 128 376 -1 -1 -1 0 
198 30 474 15 63 57 -1 -1 -1 0 
198 52 1395 50 135 76 -1 -1 -1 0 
198 69 768 78 124 86 -1 -1 -1 0 
198 78 1674 61 54 55 -1 -1 -1 0 
198 80 821 14 65 50 -1 -1 -1 0 
198 84 1417 0 151 70 -1 -1 -1 0 
199 5 799 382 279 257 -1 -1 -1 0 
199 29 1791 12 128 376 -1 -1 -1 0 
199 30 474 15 64 57 -1 -1 -1 0 
199 52 1396 50 138 77 -1 -1 -1 0 
199 69 770 79 125 87 -1 -1 -1 0 
199 78 1678 70 57 48 -1 -1 -1 0 
199 80 821 12 66 52 -1 -1 -1 0 
199 84 1411 0 162 69 -1 -1 -1 0 
200 5 805 390 285 261 -1 -1 -1 0 
200 29 1791 11 128 380 -1 -1 -1 0 
200 30 474 15 64 57 -1 -1 -1 0 
200 52 1399 50 138 78 -1 -1 -1 0 
200 59 330 218 143 94 -1 -1 -1 0 
200 69 774 80 124 88 -1 -1 -1 0 
200 78 1682 71 57 48 -1 -1 -1 0 
200 80 820 16 70 49 -1 -1 -1 0 
200 84 1407 0 169 68 -1 -1 -1 0 
201 5 809 402 294 264 -1 -1 -1 0 
201 29 1789 14 130 377 -1 -1 -1 0 
201 30 473 16 65 55 -1 -1 -1 0 
201 52 1402 52 140 77 -1 -1 -1 0 
201 59 335 219 138 92 -1 -1 -1 0 
201 69 775 81 129 91 -1 -1 -1 0 
201 72 315 0 155 151 -1 -1 -1 0 
201 78 1684 75 61 46 -1 -1 -1 0 
201 80 820 17 71 49 -1 -1 -1 0 
201 84 1409 0 171 72 -1 -1 -1 0 
202 5 818 412 297 266 -1 -1 -1 0 
202 29 1791 14 128 381 -1 -1 -1 0 
202 30 473 15 66 56 -1 -1 -1 0 
202 52 1408 52 135 78 -1 -1 -1 0 
202 59 332 219 140 92 -1 -1 -1 0 
202 69 778 83 131 91 -1 -1 -1 0 
202 72 314 0 157 152 -1 -1 -1 0 
202 78 1690 75 55 46 -1 -1 -1 0 
202 84 1404 0 185 72 -1 -1 -1 0 
203 5 822 419 308 260 -1 -1 -1 0 
203 29 1790 13 129 386 -1 -1 -1 0 
203 30 473 15 66 56 -1 -1 -1 0 
203 52 1410 53 136 77 -1 -1 -1 0 
203 59 331 220 142 90 -1 -1 -1 0 
203 69 780 86 132 90 -1 -1 -1 0 
203 78 1690 79 62 42 -1 -1 -1 0 
203 84 1403 0 192 73 -1 -1 -1 0 
203 85 1492 591 395 86 -1 -1 -1 0 
204 5 828 429 317 250 -1 -1 -1 0 
204 29 1789 13 130 387 -1 -1 -1 0 
204 30 473 15 65 56 -1 -1 -1 0 
204 52 1415 52 134 78 -1 -1 -1 0 
204 59 332 220 141 90 -1 -1 -1 0 
204 69 782 88 132 90 -1 -1 -1 0 
204 78 1697 77 56 45 -1 -1 -1 0 
204 84 1399 0 197 74 -1 -1 -1 0 
204 85 1491 591 396 86 -1 -1 -1 0 
205 5 838 439 320 240 -1 -1 -1 0 
205 29 1789 16 130 386 -1 -1 -1 0 
205 30 474 16 64 55 -1 -1 -1 0 
205 52 1417 50 134 81 -1 -1 -1 0 
205 59 332 221 140 89 -1 -1 -1 0 
205 69 786 90 128 92 -1 -1 -1 0 
205 78 1700 78 61 45 -1 -1 -1 0 
205 80 826 15 66 53 -1 -1 -1 0 
205 84 1396 0 205 76 -1 -1 -1 0 
205 85 1491 591 396 86 -1 -1 -1 0 
206 5 845 449 330 230 -1 -1 -1 0 
206 29 1792 17 127 388 -1 -1 -1 0 
206 30 474 16 64 56 -1 -1 -1 0 
206 52 1417 51 140 81 -1 -1 -1 0 
206 59 332 221 140 89 -1 -1 -1 0 
206 69 789 91 130 94 -1 -1 -1 0 
206 78 1706 75 58 50 -1 -1 -1 0 
206 80 827 17 68 51 -1 -1 -1 0 
206 84 1399 0 208 77 -1 -1 -1 0 
206 85 1491 591 396 86 -1 -1 -1 0 
