3 1 1761 719 158 213 -1 -1 -1 0 
3 2 1478 467 176 95 -1 -1 -1 0 
3 3 1298 327 316 146 -1 -1 -1 0 
3 4 982 950 433 126 -1 -1 -1 0 
3 5 1039 360 310 311 -1 -1 -1 0 
3 6 468 415 71 72 -1 -1 -1 0 
3 7 1491 995 392 81 -1 -1 -1 0 
3 8 1848 491 53 79 -1 -1 -1 0 
3 9 446 373 49 63 -1 -1 -1 0 
4 1 1764 720 155 214 -1 -1 -1 0 
4 2 1483 467 175 98 -1 -1 -1 0 
4 3 1301 327 322 147 -1 -1 -1 0 
4 4 995 962 437 116 -1 -1 -1 0 
4 5 1044 360 306 313 -1 -1 -1 0 
4 6 468 414 73 73 -1 -1 -1 0 
4 7 1491 995 392 81 -1 -1 -1 0 
4 8 1852 488 57 83 -1 -1 -1 0 
4 9 446 374 50 61 -1 -1 -1 0 
5 1 1769 724 150 207 -1 -1 -1 0 
5 2 1489 467 174 101 -1 -1 -1 0 
5 3 1286 326 336 149 -1 -1 -1 0 
5 4 1013 978 401 99 -1 -1 -1 0 
5 5 1043 360 313 313 -1 -1 -1 0 
5 6 469 414 73 73 -1 -1 -1 0 
5 7 1493 994 389 82 -1 -1 -1 0 
5 8 1860 490 56 81 -1 -1 -1 0 
5 9 446 374 50 60 -1 -1 -1 0 
